AdjacencyGraph
800
15286
0
18
37
56
74
90
113
138
157
173
188
207
225
242
256
279
303
323
343
360
387
404
421
440
466
484
506
525
546
564
579
596
614
634
655
675
697
710
735
750
768
790
813
832
848
866
887
905
921
937
954
973
992
1007
1020
1042
1062
1081
1105
1124
1146
1166
1182
1205
1231
1248
1263
1286
1304
1324
1344
1368
1386
1415
1437
1455
1475
1495
1514
1530
1552
1574
1595
1610
1628
1649
1664
1685
1700
1718
1735
1753
1770
1788
1804
1822
1845
1862
1878
1895
1913
1931
1956
1978
1998
2015
2030
2049
2067
2085
2101
2118
2135
2154
2168
2195
2218
2238
2259
2282
2297
2312
2330
2350
2376
2399
2417
2435
2452
2471
2492
2510
2530
2551
2572
2591
2607
2626
2642
2664
2685
2711
2733
2753
2773
2795
2815
2835
2858
2877
2897
2920
2939
2962
2981
2999
3023
3051
3063
3085
3101
3118
3134
3150
3170
3190
3204
3217
3234
3252
3278
3298
3319
3341
3357
3375
3392
3410
3428
3449
3466
3489
3511
3524
3552
3574
3597
3621
3641
3659
3677
3698
3718
3734
3752
3773
3791
3807
3825
3839
3855
3879
3901
3918
3933
3954
3976
3994
4015
4038
4054
4079
4101
4120
4137
4158
4185
4205
4231
4252
4270
4286
4304
4321
4347
4363
4377
4395
4412
4433
4456
4470
4492
4512
4532
4551
4573
4592
4618
4637
4656
4672
4688
4716
4740
4751
4774
4794
4815
4834
4845
4864
4882
4896
4914
4931
4948
4972
4993
5011
5028
5045
5066
5085
5103
5123
5137
5156
5177
5194
5213
5234
5251
5266
5284
5304
5322
5343
5363
5382
5397
5417
5431
5455
5469
5487
5507
5527
5548
5569
5583
5604
5622
5638
5665
5685
5701
5725
5750
5769
5785
5808
5828
5846
5859
5873
5891
5908
5925
5944
5965
5981
6002
6021
6036
6055
6076
6090
6107
6124
6143
6157
6173
6193
6213
6235
6257
6281
6298
6316
6337
6360
6374
6391
6413
6428
6444
6466
6481
6495
6516
6531
6549
6572
6590
6603
6620
6637
6653
6672
6689
6709
6725
6746
6764
6780
6801
6818
6836
6851
6865
6884
6901
6923
6941
6960
6986
7002
7018
7038
7063
7078
7093
7113
7129
7148
7167
7185
7201
7225
7249
7267
7287
7305
7322
7339
7361
7376
7393
7412
7431
7454
7468
7484
7500
7523
7540
7557
7573
7591
7609
7632
7652
7672
7693
7714
7727
7748
7766
7784
7808
7824
7844
7859
7878
7900
7919
7942
7957
7978
7994
8016
8034
8052
8071
8086
8103
8124
8145
8164
8186
8206
8225
8246
8267
8285
8299
8319
8334
8355
8379
8400
8417
8437
8456
8475
8492
8514
8534
8559
8575
8598
8621
8636
8656
8680
8697
8712
8727
8747
8763
8778
8797
8818
8837
8851
8870
8890
8907
8924
8943
8959
8978
8996
9016
9039
9054
9073
9094
9106
9119
9135
9152
9175
9196
9222
9236
9254
9271
9291
9310
9326
9354
9373
9387
9409
9428
9446
9467
9484
9509
9528
9550
9567
9589
9602
9624
9640
9657
9681
9701
9723
9744
9766
9783
9804
9827
9844
9860
9880
9898
9917
9934
9952
9972
9994
10014
10033
10053
10073
10095
10111
10125
10148
10163
10186
10201
10215
10235
10255
10270
10292
10312
10334
10349
10371
10387
10408
10423
10441
10464
10487
10511
10532
10553
10571
10594
10612
10629
10646
10662
10679
10698
10715
10736
10754
10773
10798
10814
10831
10850
10868
10886
10908
10936
10962
10984
11006
11027
11047
11067
11085
11103
11124
11146
11162
11179
11200
11219
11237
11256
11278
11300
11317
11339
11364
11381
11407
11424
11443
11465
11478
11498
11513
11540
11560
11580
11599
11618
11639
11655
11674
11689
11702
11721
11737
11754
11774
11790
11811
11826
11845
11868
11894
11913
11932
11946
11962
11974
11992
12014
12031
12058
12077
12101
12115
12129
12149
12166
12182
12201
12219
12242
12261
12280
12305
12326
12344
12363
12378
12397
12420
12440
12461
12479
12496
12516
12532
12550
12566
12586
12605
12627
12651
12672
12693
12711
12730
12744
12762
12780
12799
12816
12831
12850
12870
12890
12905
12924
12946
12964
12981
12996
13022
13043
13067
13083
13104
13121
13142
13157
13175
13190
13209
13234
13254
13274
13292
13311
13331
13346
13367
13379
13396
13414
13437
13455
13473
13497
13519
13536
13555
13580
13599
13618
13635
13650
13665
13684
13701
13725
13745
13764
13783
13802
13817
13834
13855
13872
13891
13905
13916
13932
13952
13970
13989
14009
14032
14043
14066
14082
14108
14131
14153
14174
14191
14210
14230
14251
14273
14296
14317
14336
14354
14374
14395
14420
14438
14458
14477
14494
14511
14530
14552
14571
14586
14613
14631
14650
14670
14689
14706
14723
14746
14757
14782
14804
14824
14846
14863
14883
14905
14922
14939
14956
14977
14992
15012
15031
15047
15062
15083
15106
15125
15151
15173
15196
15218
15235
15261
44
82
98
110
152
202
418
426
446
499
570
619
662
670
743
744
790
793
15
83
141
146
182
288
322
359
484
519
593
594
621
645
648
654
663
676
752
41
125
169
191
256
258
277
399
404
483
560
569
586
591
645
652
691
713
760
21
48
79
124
161
198
201
268
298
303
496
503
537
602
619
652
673
708
39
61
142
256
275
326
336
484
486
510
527
538
574
590
694
769
65
74
99
119
136
198
264
302
445
461
486
489
518
550
575
599
606
611
619
685
725
766
779
23
30
35
107
118
176
214
338
413
438
473
476
501
502
547
562
564
596
600
664
681
697
699
700
763
11
90
170
186
203
238
333
347
381
385
449
492
533
566
659
673
689
737
788
16
21
63
87
144
195
214
372
379
383
402
413
418
603
610
747
81
145
168
210
248
286
382
399
400
478
511
526
542
579
772
14
40
45
86
89
110
189
207
209
246
263
330
387
394
425
512
592
711
719
7
41
124
147
158
195
213
245
285
349
443
462
492
559
621
653
738
774
46
68
70
103
124
202
247
282
303
322
408
428
641
657
688
695
782
55
276
337
359
390
430
540
557
567
575
598
661
668
714
10
59
82
99
110
164
312
325
350
452
491
494
507
565
610
642
646
665
671
701
726
794
799
1
33
62
74
95
152
304
307
332
393
436
440
467
479
527
554
645
651
669
722
732
749
769
781
8
111
240
247
333
395
401
415
438
516
537
591
614
617
636
656
678
753
754
774
19
106
110
184
274
285
297
324
394
515
539
577
611
635
658
700
706
719
744
758
23
68
97
136
150
174
203
213
258
269
407
506
516
605
626
736
756
17
78
115
151
153
177
192
211
231
288
387
414
417
435
440
445
467
471
566
590
613
628
645
694
732
752
777
34
71
172
181
199
259
348
375
389
395
450
536
540
585
596
655
708
3
8
25
31
125
261
365
435
437
539
576
648
691
701
707
746
794
54
56
105
129
156
210
243
249
270
293
348
469
492
498
551
571
633
655
720
6
18
78
100
120
160
168
184
200
213
215
219
319
362
521
553
585
593
636
643
659
681
729
767
771
772
28
69
149
187
332
348
350
404
418
420
443
479
493
530
582
669
698
749
21
123
264
352
397
398
407
410
429
450
506
553
582
640
673
675
690
707
726
783
785
796
62
103
122
151
209
295
308
330
441
442
463
514
578
620
625
708
723
768
773
41
58
76
154
183
200
212
235
282
349
377
405
416
442
453
455
527
625
626
663
781
24
50
62
77
95
205
349
352
385
477
519
532
546
651
695
725
741
757
70
166
215
273
303
323
470
501
557
573
591
607
652
757
787
6
68
123
124
195
208
240
256
259
313
353
358
395
539
583
662
775
21
85
113
173
181
338
346
394
404
425
435
476
491
567
652
705
729
778
123
127
146
296
324
332
368
406
444
541
552
576
621
628
654
675
687
702
713
716
15
38
40
161
164
165
217
223
234
275
362
482
519
545
594
613
638
652
693
705
773
20
77
93
216
220
261
265
290
346
390
395
433
491
501
570
650
667
711
749
750
6
58
69
70
100
108
150
301
315
387
469
480
564
565
595
611
636
647
680
682
776
782
66
82
91
193
217
394
397
413
427
461
489
587
605
98
109
141
222
335
349
357
376
377
396
427
446
456
463
512
546
574
638
645
679
692
696
708
718
765
33
53
90
100
323
367
388
404
416
473
499
550
587
653
690
4
65
103
219
234
237
278
376
384
388
439
510
625
655
672
674
741
782
10
33
46
104
138
141
175
189
208
339
383
437
449
494
508
535
546
572
636
670
711
793
2
11
27
43
66
112
142
147
342
355
449
490
524
530
572
642
662
707
710
717
736
739
752
133
165
268
296
333
436
460
479
481
523
552
606
643
651
675
702
716
791
793
41
93
217
294
295
329
349
355
423
450
468
516
619
716
717
793
0
46
71
176
202
320
410
482
487
509
514
547
560
609
618
664
741
743
10
63
235
293
327
343
357
375
406
466
471
481
549
598
607
656
686
708
756
765
767
12
40
44
66
75
207
265
306
510
521
523
533
564
629
667
678
685
772
50
64
81
86
134
256
341
343
439
509
526
535
566
580
636
757
3
64
85
132
140
146
177
303
431
462
523
537
604
619
653
795
55
134
136
225
377
399
419
503
536
560
598
648
674
678
715
729
763
28
47
55
82
103
152
209
267
276
277
278
341
409
549
559
629
736
776
778
72
80
177
191
201
204
294
355
370
455
504
523
548
609
667
687
719
751
774
111
132
149
184
218
229
307
311
333
342
450
453
527
588
710
38
73
264
274
328
459
465
518
520
622
650
777
794
22
88
102
125
133
171
208
220
223
252
256
262
284
352
366
388
433
436
734
764
786
799
13
49
50
86
107
167
171
181
218
237
380
417
439
567
570
583
596
629
714
725
22
80
153
172
206
389
400
401
419
434
473
478
550
555
558
677
718
741
799
79
83
189
220
274
290
328
424
442
505
525
541
587
611
621
633
634
639
653
665
723
772
780
798
27
35
100
123
176
319
337
347
365
380
384
415
432
444
462
513
673
727
757
14
75
115
147
186
193
195
213
358
402
415
424
447
474
488
508
573
610
618
631
722
738
76
165
296
299
320
332
417
420
452
497
500
512
588
687
695
710
716
717
727
792
4
278
300
307
398
460
510
544
607
633
662
745
757
769
784
799
15
26
28
134
158
192
222
278
314
343
374
431
438
467
470
471
572
574
638
732
773
777
799
8
45
111
124
154
204
232
299
350
384
400
420
442
465
504
529
548
588
602
660
681
698
718
720
724
754
47
48
67
98
177
224
260
278
303
477
480
503
510
544
562
629
745
5
39
79
88
137
162
187
193
221
317
356
458
491
514
762
36
41
46
106
143
157
289
342
348
367
394
395
411
448
475
529
564
565
571
661
690
719
750
64
73
118
178
181
300
326
336
339
362
416
460
486
532
552
615
768
794
12
18
30
204
215
219
254
289
337
345
487
531
562
573
584
621
704
717
733
751
24
35
120
123
216
238
329
331
351
367
395
411
487
493
546
683
699
703
753
770
12
29
35
78
81
108
123
183
212
218
255
265
291
327
341
352
377
466
522
567
596
598
721
763
20
44
104
115
122
181
258
276
285
298
426
429
609
667
670
683
759
793
51
99
106
118
137
139
148
154
159
170
198
232
233
241
283
309
325
356
385
396
427
438
452
601
649
666
676
731
776
53
67
92
149
159
160
193
242
263
293
397
483
505
555
559
619
622
634
660
669
754
780
5
15
77
115
186
198
260
283
342
406
410
421
449
452
493
508
738
773
46
59
89
101
115
139
150
250
260
304
413
488
493
566
657
660
693
720
782
789
27
60
81
138
197
208
237
243
259
295
327
351
360
400
439
477
549
590
721
743
28
34
74
96
195
205
233
241
315
354
381
415
529
582
619
674
762
765
798
19
23
70
86
131
218
224
277
330
352
386
390
416
603
705
718
3
57
65
149
159
161
177
208
262
268
302
318
344
411
442
489
505
599
662
695
712
725
51
56
91
95
129
132
146
163
192
218
255
454
457
477
548
574
576
593
600
603
702
791
9
47
70
76
117
131
155
179
203
265
348
390
399
425
442
446
448
488
719
733
789
0
14
36
50
99
169
246
291
387
408
426
484
589
744
774
1
57
178
231
263
276
301
412
438
454
457
501
506
514
607
623
718
768
116
148
206
262
300
301
324
328
354
398
408
412
434
496
503
580
598
671
682
757
787
31
48
193
257
364
378
445
470
505
541
586
602
619
746
798
10
47
55
78
245
262
263
305
361
387
429
515
534
550
577
597
647
682
744
790
793
8
129
225
363
365
415
425
446
546
641
651
675
712
747
777
54
65
140
160
243
370
403
453
466
498
551
633
720
741
787
788
790
795
10
75
152
169
189
234
247
277
316
331
361
448
510
578
658
728
755
7
38
147
162
355
363
373
393
406
435
452
488
502
662
682
698
717
738
36
80
161
192
298
302
326
389
450
452
526
530
571
573
599
624
641
73
119
127
146
182
222
235
277
344
471
479
548
552
663
716
733
761
780
34
43
270
306
315
428
462
465
516
517
543
597
622
657
670
751
108
110
129
138
203
215
286
337
338
373
587
603
639
650
690
704
751
795
15
28
80
128
170
182
235
247
285
295
333
344
444
464
477
479
558
588
593
628
643
679
712
77
241
245
282
329
343
369
383
385
507
563
566
582
642
687
692
789
18
122
191
201
237
312
408
495
511
591
645
701
711
714
750
782
0
37
64
189
227
287
341
343
391
410
411
609
612
622
631
743
744
5
14
72
82
118
136
193
227
239
257
318
328
409
423
465
489
603
744
23
35
38
58
150
213
219
299
360
368
385
462
473
524
583
690
704
760
75
125
130
163
181
190
229
257
269
292
294
345
512
529
543
559
561
563
599
601
634
682
731
741
772
54
126
139
151
167
169
191
217
253
276
282
405
432
520
540
586
607
644
686
728
755
771
12
26
39
50
168
181
193
378
442
445
478
581
615
623
733
745
766
768
772
799
40
71
148
164
219
273
309
320
379
384
426
473
488
511
521
668
767
22
116
134
140
156
184
259
282
286
388
440
482
574
679
713
17
66
72
113
119
127
144
181
228
428
477
483
546
602
610
618
701
753
760
6
55
167
181
190
209
253
259
282
458
499
547
573
644
735
736
747
750
35
70
94
122
269
367
372
384
390
487
509
516
586
607
699
767
771
786
37
118
130
151
160
274
396
423
461
554
564
604
615
736
794
798
0
10
14
17
94
125
261
287
333
357
408
419
486
531
536
556
669
16
52
63
146
166
201
232
280
313
420
444
479
528
687
694
710
769
41
120
150
154
207
216
379
380
494
507
515
547
556
644
650
683
704
710
767
31
106
189
238
276
297
363
383
494
546
622
629
735
783
139
204
220
254
324
332
360
399
418
443
444
489
504
523
530
538
553
555
557
580
588
618
628
687
695
702
713
19
59
71
74
75
195
197
199
235
293
304
325
342
414
468
505
592
621
657
704
709
759
788
84
105
129
140
145
152
156
179
200
210
212
282
345
386
468
513
551
748
765
793
81
143
169
286
313
314
321
423
455
466
496
497
541
558
562
580
607
684
712
741
770
6
67
72
99
109
137
163
173
187
216
232
235
236
381
416
481
489
572
591
639
642
696
749
5
92
106
188
242
257
270
335
406
521
611
634
663
778
786
23
69
112
183
216
227
269
272
348
386
411
498
518
558
684
155
161
169
199
207
266
273
340
385
448
543
548
646
676
711
761
762
793
26
71
97
108
245
248
258
269
273
297
369
531
565
575
584
665
686
724
759
763
25
30
32
58
69
70
163
215
290
353
385
386
449
460
469
565
568
579
659
661
675
683
697
703
704
771
3
11
12
30
63
176
238
246
248
327
495
497
509
543
553
566
585
605
609
659
700
750
759
2
21
54
101
110
131
132
184
202
247
353
392
408
631
724
747
761
765
102
191
229
263
287
361
394
395
407
410
563
572
574
649
677
743
758
771
32
92
106
205
210
241
343
349
393
461
528
554
589
593
602
626
696
95
149
160
170
192
201
206
257
268
324
359
446
523
534
568
660
773
791
799
22
80
87
94
116
140
152
155
185
284
323
434
513
526
567
580
629
630
674
690
697
101
109
154
205
232
236
239
263
312
381
444
454
491
532
603
604
647
649
78
81
125
237
277
281
314
327
366
380
442
534
556
557
568
586
664
721
731
770
48
52
80
125
160
170
204
270
271
324
368
373
435
523
530
559
581
599
687
774
797
42
54
179
196
271
311
384
414
417
430
436
478
482
513
551
571
580
715
733
776
780
47
49
62
105
155
273
341
370
463
493
494
534
560
583
586
598
640
664
729
186
202
229
251
304
319
408
423
519
579
618
666
689
695
775
789
5
18
49
99
206
224
329
441
451
456
557
595
606
617
624
720
741
772
775
65
72
118
232
278
317
318
347
363
468
489
603
736
749
754
791
40
76
94
141
157
179
196
209
210
286
312
345
441
486
505
551
620
630
642
643
679
680
72
75
102
114
186
193
205
226
242
305
352
361
489
518
525
534
597
639
678
716
797
48
88
105
116
129
143
145
172
270
325
327
349
353
444
456
482
509
528
545
554
558
613
638
674
720
748
1
37
40
138
145
185
268
285
396
422
436
447
471
503
538
629
657
693
704
741
769
784
4
41
196
235
255
262
330
392
396
416
438
445
455
463
467
499
528
545
572
788
66
117
140
152
181
196
206
216
230
247
291
353
369
540
542
570
612
704
705
737
8
106
164
214
215
247
260
288
347
402
413
423
446
580
603
629
660
706
712
765
774
790
9
116
140
141
156
186
271
286
297
313
364
509
514
658
674
684
708
720
730
770
1
32
48
80
92
111
170
201
207
242
324
368
373
401
431
554
666
705
768
798
11
41
59
90
186
260
293
301
347
468
474
477
483
508
587
618
646
647
697
717
721
738
788
72
84
104
155
199
230
238
246
333
361
397
473
487
596
630
638
714
718
727
24
52
73
79
128
160
172
178
186
349
378
514
576
599
602
639
675
718
731
746
18
35
75
100
112
169
180
184
259
314
353
407
473
497
509
516
545
617
654
673
705
735
751
19
26
102
109
272
399
464
510
519
522
616
624
638
641
645
720
722
752
798
0
15
50
89
116
129
143
156
208
210
237
267
268
347
377
453
470
501
550
560
650
664
730
19
56
197
336
351
374
390
406
431
481
505
522
532
551
561
620
655
752
767
27
63
72
112
130
266
293
342
374
443
447
522
587
634
662
736
738
788
81
121
129
134
148
156
234
277
321
343
401
409
418
534
565
568
583
631
673
705
713
770
774
781
22
105
116
145
152
155
168
173
200
206
210
249
284
320
412
432
473
526
571
591
596
677
696
713
726
730
733
748
66
138
168
243
375
436
441
482
545
551
555
558
11
62
160
205
211
252
298
299
351
368
400
427
457
462
537
541
601
665
694
702
725
796
72
73
79
193
231
242
250
272
415
462
466
518
541
576
587
634
23
73
88
109
128
132
149
158
170
198
201
326
587
606
633
655
692
3
33
79
91
121
275
285
494
590
594
616
639
678
725
747
785
65
90
233
266
310
372
426
451
488
490
612
642
667
673
705
710
80
101
118
123
165
201
313
355
363
395
403
428
476
522
524
540
566
588
746
761
14
33
104
144
240
280
300
520
522
572
597
603
614
638
703
717
741
744
749
777
33
42
60
163
220
228
268
288
296
360
418
480
519
633
29
111
267
271
433
436
485
527
551
583
633
713
779
55
102
107
181
191
199
217
261
369
376
390
456
473
556
677
769
781
9
23
103
156
157
210
286
315
347
417
469
487
557
643
733
748
766
770
2
82
89
102
117
121
150
205
209
216
277
355
366
409
410
448
490
534
536
543
554
557
573
680
756
791
7
72
95
128
132
146
160
234
252
303
350
351
362
387
401
412
438
443
550
695
54
55
175
257
261
263
289
315
316
343
360
469
541
563
596
609
622
677
707
726
758
20
56
140
149
198
223
233
257
274
298
302
335
346
373
471
505
518
541
590
783
788
790
31
118
156
189
221
250
274
298
307
355
496
504
638
665
691
785
18
184
189
208
244
264
282
334
380
388
491
589
653
670
671
743
758
774
40
171
189
190
285
291
322
330
387
428
578
670
691
701
792
794
796
6
44
58
124
247
258
426
439
493
506
533
547
565
596
605
683
715
790
19
48
51
64
79
242
263
318
328
505
518
529
541
575
622
695
722
754
67
83
149
231
278
300
301
431
460
484
503
562
595
608
687
718
722
747
768
769
770
81
116
133
138
215
222
246
336
345
439
527
600
623
624
629
737
777
150
215
218
248
256
312
358
380
385
419
448
462
485
510
586
598
644
688
709
713
723
735
765
20
31
55
67
71
101
103
106
107
143
167
183
253
282
535
579
591
657
668
680
681
756
1
92
95
204
249
353
427
432
471
523
524
645
708
27
70
120
181
265
281
321
324
343
360
386
390
435
477
497
517
534
535
599
618
664
686
711
730
740
757
781
787
17
23
52
105
125
150
174
332
343
368
372
415
438
582
602
607
617
640
670
734
741
747
129
141
231
286
298
307
320
350
353
382
398
434
454
482
519
538
555
579
580
595
735
756
775
7
59
74
135
139
145
147
149
421
474
477
488
493
500
529
553
575
578
612
657
660
707
710
738
24
65
118
239
266
288
291
308
310
318
356
461
525
587
590
626
631
678
726
735
119
229
279
291
293
414
439
458
474
488
512
553
561
567
603
605
646
787
10
40
57
89
98
113
173
174
175
339
383
433
506
515
597
691
744
758
101
107
175
202
229
240
280
297
304
402
422
428
457
462
553
617
649
657
738
753
761
2
51
97
102
126
167
277
366
442
527
531
535
563
569
583
648
656
661
750
755
19
62
80
91
128
231
255
293
323
354
382
486
506
694
742
764
36
59
65
73
85
99
103
139
159
302
356
461
592
611
724
775
785
797
217
284
333
358
409
456
483
495
503
509
511
532
585
661
663
733
740
764
771
782
784
8
11
30
59
77
115
241
292
333
372
488
599
601
606
621
627
644
761
133
138
142
143
345
442
443
466
469
574
579
598
629
661
697
715
76
115
153
374
378
396
401
402
412
433
446
519
524
574
576
593
708
732
3
5
72
74
160
172
298
303
358
373
514
725
746
749
20
115
121
148
167
213
216
237
239
362
390
621
641
688
692
789
23
27
116
156
209
239
254
258
308
345
351
353
482
508
550
560
608
614
629
631
656
664
692
721
3
51
97
111
128
146
160
163
218
235
259
286
324
451
482
552
566
581
588
624
704
734
0
12
44
125
135
190
227
322
402
421
561
570
581
603
616
631
709
7
18
81
94
209
263
354
400
407
497
499
536
565
605
700
51
63
68
114
132
182
316
350
368
420
423
458
524
537
619
643
662
663
755
757
759
28
77
127
130
139
158
169
232
266
317
318
322
340
424
461
490
572
649
657
685
740
745
56
84
128
136
143
156
224
258
278
338
400
402
538
633
654
733
748
751
10
46
112
121
146
248
269
337
407
429
533
557
589
608
609
641
653
664
724
744
772
30
40
54
76
79
152
174
273
279
281
342
379
483
499
523
553
589
727
729
732
759
767
799
10
26
50
107
138
169
200
203
234
366
420
480
485
632
656
657
9
22
116
127
138
152
156
168
212
249
331
346
480
488
497
526
575
608
613
615
623
630
679
702
756
19
158
222
255
261
262
301
311
336
370
463
503
515
526
532
574
606
620
625
637
701
766
27
70
116
210
295
351
439
441
456
463
497
526
527
585
598
636
653
720
775
11
18
23
59
100
199
317
374
378
437
472
474
488
512
667
692
707
6
8
144
229
240
413
437
465
489
493
502
532
546
601
617
632
660
706
747
759
774
23
29
68
94
123
144
179
180
225
256
313
372
425
511
531
562
570
586
589
591
622
644
655
661
681
753
793
34
69
112
118
120
143
169
199
282
431
502
588
594
659
661
703
722
763
771
778
33
36
43
102
167
194
223
225
276
312
320
339
409
511
531
540
562
567
571
590
598
644
684
750
755
792
52
55
70
78
80
180
201
244
290
312
326
341
343
462
562
583
584
652
684
686
750
23
39
68
100
104
230
258
367
383
473
481
607
653
667
683
747
759
793
34
54
57
114
165
299
301
368
420
422
449
557
561
599
606
690
65
173
236
324
356
547
582
584
599
626
639
647
666
672
728
736
777
785
37
62
92
179
211
253
350
414
430
548
582
588
649
716
743
752
754
33
54
172
217
224
231
306
339
377
414
434
497
510
551
561
584
624
632
633
637
669
690
741
745
784
794
64
78
136
206
223
309
356
398
433
486
498
510
538
595
771
786
49
87
215
217
276
355
502
511
540
558
646
669
681
753
139
272
301
326
342
390
463
484
528
532
576
672
694
723
737
740
745
799
98
99
120
202
246
248
251
332
436
499
518
550
708
719
722
727
790
106
165
229
350
356
365
381
406
474
508
529
539
560
631
654
675
689
747
753
755
786
52
101
126
135
188
190
214
228
240
248
255
285
292
421
462
474
508
612
657
665
685
709
793
143
148
219
258
284
352
379
521
650
653
659
767
776
799
19
83
159
178
185
192
223
300
307
352
376
503
542
544
556
632
633
637
655
707
745
763
63
72
111
118
130
137
205
248
339
340
362
372
446
450
465
524
594
620
621
673
72
77
162
172
264
329
381
423
425
433
447
463
468
492
582
597
631
649
688
738
33
39
89
155
170
209
266
278
346
351
352
534
562
568
573
647
656
699
776
27
45
92
95
115
118
142
201
268
388
403
417
427
479
523
552
575
576
582
584
645
654
118
130
221
250
291
318
404
458
465
518
535
611
639
672
676
678
685
777
785
39
55
76
97
131
152
199
267
305
311
323
341
346
351
352
389
391
399
411
431
439
468
491
560
573
786
7
69
113
124
148
281
311
363
391
487
516
521
543
547
622
664
683
690
794
99
130
187
199
200
269
340
415
449
484
490
492
522
662
702
706
736
741
749
16
30
164
190
214
229
261
326
372
392
415
491
709
724
725
760
72
77
96
127
195
248
272
288
340
423
572
604
610
639
676
726
73
119
139
146
159
177
250
285
299
317
335
350
354
356
447
489
512
523
537
556
619
621
627
659
687
706
757
776
22
76
88
157
254
284
307
317
360
382
405
418
430
433
438
442
498
551
555
628
683
697
718
769
174
218
367
384
414
509
596
605
623
636
763
11
86
96
122
251
256
293
304
342
351
362
390
398
423
547
582
592
642
666
688
708
749
762
10
82
124
148
179
227
250
251
306
350
426
442
491
508
509
563
711
778
783
797
12
16
89
95
125
143
144
176
272
306
409
415
446
458
518
533
641
671
678
723
765
9
122
124
180
207
227
229
232
241
297
382
403
429
452
458
487
605
690
711
22
156
182
210
280
307
436
441
543
579
586
75
159
173
236
242
246
264
275
298
305
317
397
461
465
492
608
644
718
779
135
227
245
246
263
291
318
342
357
376
387
425
533
577
609
635
677
729
54
158
170
275
291
308
412
503
510
538
540
595
673
736
102
107
181
222
261
328
362
374
385
466
469
509
515
564
605
661
768
783
68
114
200
243
256
282
380
386
408
485
495
535
560
591
737
750
758
70
80
142
192
211
229
275
294
350
364
520
574
645
652
669
674
742
2
4
30
47
54
180
215
245
254
277
374
386
390
419
464
536
549
569
574
583
586
650
686
763
85
99
101
119
128
171
172
266
302
310
328
354
489
595
652
663
749
777
780
795
798
2
18
71
122
176
200
206
219
230
269
331
338
339
407
426
499
516
650
20
30
76
105
107
150
201
346
373
540
570
585
595
601
646
658
696
64
74
75
144
147
292
304
334
342
347
410
473
508
626
710
762
794
21
34
110
167
171
211
240
253
291
336
375
404
422
485
519
560
695
763
765
766
792
54
79
84
86
142
211
278
387
403
430
512
522
528
532
593
637
694
739
745
10
73
83
86
126
130
171
177
203
251
276
321
383
589
606
670
729
758
5
25
53
174
233
250
302
389
416
422
465
528
604
611
660
678
685
696
774
798
34
46
70
81
183
276
388
416
448
453
573
666
705
781
121
154
162
187
205
234
257
362
394
427
454
476
490
507
577
618
666
693
717
50
152
166
237
300
301
309
325
330
376
411
427
445
454
461
470
544
616
622
719
799
3
42
79
128
141
152
165
235
368
449
537
552
583
626
709
734
777
18
101
108
120
122
207
239
258
271
280
385
514
521
582
653
677
683
690
697
22
93
119
132
140
285
303
326
338
353
397
422
493
514
538
541
587
606
647
734
746
132
133
145
166
269
281
396
400
424
497
510
512
545
617
674
683
748
120
151
159
226
241
247
274
305
397
425
592
629
767
774
798
29
104
121
122
134
208
281
292
361
365
473
516
650
653
664
748
758
790
17
53
57
109
172
173
272
340
406
438
443
460
525
559
592
647
678
685
753
798
4
33
161
250
252
255
285
432
454
469
542
544
558
566
682
700
748
799
13
50
71
83
102
113
217
225
263
265
289
455
536
573
578
596
684
686
737
750
782
2
50
78
89
92
131
155
169
191
256
326
357
375
380
442
450
597
630
755
780
39
50
61
62
64
137
178
206
234
262
287
301
460
482
538
542
554
615
745
188
208
327
335
378
413
424
530
551
579
630
632
692
713
775
111
164
190
249
269
285
288
326
438
445
486
508
565
582
619
626
645
692
694
751
131
183
208
238
271
273
316
382
394
426
597
691
727
790
12
27
96
102
105
107
116
174
181
216
254
324
337
338
348
412
585
656
681
690
714
750
761
771
72
74
304
315
410
429
568
577
589
597
700
782
783
793
54
129
156
194
230
243
309
320
378
451
460
540
555
579
616
633
730
733
11
17
71
95
141
161
175
229
242
270
275
280
323
341
446
484
520
528
581
725
9
94
105
117
138
145
168
185
201
345
399
400
440
509
537
608
632
684
715
748
98
110
126
278
315
355
446
479
500
514
543
553
564
603
621
663
675
747
758
759
774
1
19
144
165
187
241
280
309
364
378
398
548
594
663
689
698
712
716
722
742
752
66
68
171
276
371
502
535
562
632
637
644
673
680
778
34
57
123
218
384
395
411
486
495
502
509
538
567
602
636
668
680
681
703
704
751
70
82
143
175
187
188
236
251
252
261
325
404
506
614
635
670
711
726
101
195
229
260
273
353
447
450
571
646
657
700
711
731
753
782
22
45
73
115
147
154
188
192
245
342
359
436
440
464
468
474
476
490
492
507
508
513
523
569
572
703
788
43
51
101
255
319
369
402
406
443
486
508
512
575
603
610
617
631
692
698
779
26
43
76
95
212
311
323
327
382
405
407
444
527
558
679
699
32
42
60
165
309
324
332
350
359
360
418
434
444
497
515
552
566
576
621
623
625
632
698
777
17
113
122
145
190
248
298
363
365
428
435
437
446
476
494
542
546
573
578
614
635
707
729
756
774
3
71
91
158
172
173
185
198
250
297
323
334
496
572
592
606
618
746
790
60
63
100
158
220
242
319
333
527
587
588
601
680
702
754
780
61
67
84
164
178
231
267
366
370
382
388
403
444
445
460
472
484
503
544
554
592
670
772
35
83
84
147
178
211
220
226
267
278
308
403
412
484
532
538
544
702
718
791
5
79
91
172
193
257
264
303
318
476
599
651
746
754
780
785
795
797
3
12
29
48
64
170
198
270
302
383
634
780
799
15
75
115
135
190
245
260
283
334
474
488
612
657
672
86
139
237
250
272
316
317
318
340
362
363
465
514
672
738
746
780
798
46
93
223
246
247
338
417
429
463
505
553
577
589
658
694
711
792
15
52
61
173
185
231
243
249
385
494
536
624
640
655
669
727
787
26
187
200
252
301
313
438
448
463
484
517
579
590
623
708
712
723
727
772
72
104
224
267
284
288
296
326
375
398
413
426
451
458
542
624
633
655
768
784
799
162
187
257
326
374
462
464
489
573
688
692
696
731
749
762
798
52
133
211
237
238
295
321
389
405
442
448
451
473
487
534
550
555
569
686
689
729
14
97
130
138
180
217
218
314
419
546
560
570
585
601
675
682
705
727
779
30
111
117
145
163
215
308
424
441
518
579
600
613
697
740
62
117
131
150
312
330
418
444
628
638
645
647
651
653
663
680
686
712
754
35
77
93
168
171
283
287
429
491
499
504
506
547
567
589
646
677
731
758
761
778
89
171
204
281
305
414
525
575
626
649
654
676
764
777
65
137
205
213
242
243
250
305
427
461
515
595
649
666
736
796
798
79
99
137
177
187
205
236
251
302
305
324
328
439
507
544
783
797
23
58
135
294
299
322
401
450
452
563
576
596
700
710
714
740
743
761
782
44
60
104
156
185
217
284
378
430
629
636
697
713
786
117
155
183
263
311
323
344
382
389
391
411
424
569
604
622
652
1
12
175
202
205
319
365
372
458
475
476
494
561
565
631
701
738
756
765
796
29
38
129
192
237
285
295
298
321
361
389
405
414
448
453
550
555
568
630
793
17
32
84
114
128
132
146
183
201
221
282
296
318
417
443
611
687
712
725
734
762
792
14
72
115
140
267
291
375
393
438
445
455
460
523
581
606
633
672
694
700
728
745
787
4
67
91
160
218
226
240
270
277
280
309
310
359
392
445
470
478
496
514
574
684
723
742
752
45
70
76
124
131
140
279
295
332
345
403
404
414
442
457
616
786
53
57
84
99
177
253
257
318
422
423
461
465
562
614
729
734
746
795
43
69
96
136
233
369
447
468
474
492
550
594
603
604
642
666
688
744
747
771
789
10
26
78
142
175
267
314
364
374
379
381
451
454
481
484
527
554
616
704
708
732
738
775
69
89
210
258
441
469
501
571
605
689
718
727
744
770
15
24
32
60
114
184
227
296
327
378
420
492
519
524
548
682
698
7
16
42
52
95
110
148
194
195
299
386
429
491
493
577
618
631
710
746
761
782
797
174
260
298
304
369
447
488
492
601
627
673
717
779
788
796
37
119
172
242
279
383
388
465
525
538
593
627
746
754
777
797
4
67
153
179
211
261
374
396
418
438
452
453
455
499
513
528
574
594
742
765
768
779
13
58
68
94
207
282
397
615
636
644
658
728
762
784
792
6
31
94
206
258
270
282
306
367
469
543
679
733
767
40
67
189
217
223
232
258
365
394
407
428
435
437
450
459
475
488
500
575
779
783
121
205
232
239
241
274
305
362
582
590
666
696
736
797
798
47
50
70
98
134
218
237
285
357
405
416
446
448
453
549
632
700
755
41
52
66
74
115
154
208
226
245
251
260
293
387
473
495
621
648
689
692
706
709
743
791
45
47
62
96
98
127
155
171
183
184
218
367
413
424
448
549
683
755
79
92
95
321
463
504
521
524
548
552
643
663
788
68
101
116
138
179
196
200
286
327
514
527
629
650
699
743
762
791
31
34
172
210
234
237
259
372
388
468
485
532
591
677
750
751
763
7
58
137
144
147
152
168
260
406
474
512
561
601
664
724
789
20
22
24
66
81
120
282
358
395
419
495
511
585
608
661
668
750
776
779
11
27
28
37
43
127
140
149
396
471
529
594
620
637
638
732
742
14
24
63
170
185
204
222
228
242
246
255
296
378
393
396
443
444
584
694
745
69
76
153
158
170
200
212
234
237
245
399
466
527
573
697
715
25
28
54
70
78
139
230
231
234
237
401
424
433
448
501
534
591
650
728
783
791
30
123
125
140
143
150
182
185
200
270
292
384
502
650
663
668
683
767
77
84
192
203
242
257
425
490
508
525
538
541
581
608
700
707
41
43
51
90
163
169
173
225
287
385
402
409
432
457
468
485
491
505
509
765
779
65
72
187
193
221
224
228
242
525
575
598
609
611
666
717
751
765
37
45
110
251
277
341
405
409
436
463
511
569
576
613
651
750
751
796
30
59
180
194
198
348
439
502
508
622
644
680
705
735
756
1
13
128
293
296
326
365
393
461
664
687
698
712
775
76
100
114
165
171
183
243
296
381
398
414
442
497
573
682
688
715
734
742
86
89
126
139
148
273
323
379
389
439
506
525
528
544
658
728
790
23
33
67
170
199
232
245
253
266
305
340
394
400
401
427
446
449
505
662
749
776
778
87
90
113
137
163
238
297
305
437
448
475
564
569
581
647
747
779
793
85
145
255
288
330
370
432
467
471
504
524
593
594
642
652
708
723
752
773
21
58
87
228
273
297
322
339
359
398
402
421
435
450
525
578
610
626
641
668
701
753
760
761
762
765
54
131
169
191
209
300
404
441
446
530
535
556
590
707
770
776
38
66
69
108
219
244
338
343
385
552
556
644
650
703
707
731
32
100
132
146
158
184
204
220
268
419
496
497
504
552
566
581
688
710
734
764
96
122
143
167
294
329
334
371
395
402
447
454
474
478
507
512
519
528
660
662
689
713
738
739
779
51
88
134
211
300
364
388
392
418
538
544
607
672
784
787
289
369
401
507
532
541
544
574
576
606
622
630
695
780
795
8
108
162
184
195
215
232
240
322
346
415
451
491
617
619
702
727
743
765
791
90
94
132
146
172
198
259
436
472
476
606
635
647
665
734
780
62
153
154
197
213
253
256
310
330
336
433
475
532
590
616
645
693
713
787
20
45
157
261
277
309
325
384
403
427
430
479
503
555
571
645
713
718
793
37
39
167
231
251
267
386
454
503
574
581
599
620
644
672
734
745
769
27
37
49
70
152
223
399
409
416
501
527
557
684
727
734
799
85
103
149
197
213
279
284
288
320
332
350
400
481
520
524
542
600
645
655
674
682
722
755
762
8
104
112
208
230
330
361
387
499
533
568
630
641
667
680
683
724
727
741
743
762
777
790
795
55
58
112
131
174
180
254
277
408
411
451
489
549
569
591
623
647
787
7
77
118
130
228
233
330
360
429
447
492
501
507
522
573
575
582
604
651
789
9
185
192
243
248
281
295
300
321
413
430
432
453
526
573
636
719
742
8
40
96
113
189
219
263
303
335
394
483
539
622
635
662
700
726
39
58
63
104
108
133
244
290
353
375
516
551
596
659
721
735
764
7
28
72
96
100
121
123
180
253
269
307
355
367
434
516
552
553
597
646
661
744
759
78
116
120
123
183
254
256
333
376
476
561
596
605
740
786
10
19
35
82
86
170
175
251
262
342
379
390
428
462
586
640
693
38
39
54
105
174
235
265
300
335
346
370
455
503
624
626
640
655
676
771
20
56
91
237
264
311
321
323
361
409
419
531
550
556
591
684
755
790
799
13
34
78
81
108
153
167
183
199
226
245
256
387
419
426
452
469
531
557
583
669
756
768
98
237
238
321
416
439
442
511
600
686
721
747
755
757
125
142
240
326
370
431
454
455
484
510
518
526
532
602
723
732
15
90
127
325
350
359
409
440
467
600
604
613
616
643
652
654
10
17
31
36
66
126
266
281
339
362
383
515
550
570
619
700
711
735
763
777
783
785
794
16
20
30
34
66
69
126
163
290
348
369
506
565
570
585
596
605
37
72
109
141
142
197
271
336
349
350
445
556
586
628
684
757
762
25
36
73
148
250
270
272
337
519
545
558
587
603
662
695
780
25
61
84
185
224
245
288
309
360
365
403
416
429
440
472
498
505
799
2
9
49
81
114
151
237
286
351
377
414
448
455
466
501
568
577
725
9
56
63
76
158
203
206
271
286
362
378
497
501
513
545
578
579
679
682
723
779
791
795
16
56
146
155
170
197
319
352
362
371
522
587
605
634
691
693
734
736
754
762
8
59
144
190
197
202
206
294
355
365
369
421
438
500
529
561
599
657
660
742
88
163
235
248
262
300
301
327
375
398
451
472
498
510
576
591
593
595
637
734
795
2
24
31
38
236
261
291
327
366
419
535
549
555
573
580
656
740
750
755
770
793
27
102
243
295
311
323
341
357
517
578
637
682
728
32
45
74
90
119
153
228
274
294
347
491
559
615
642
644
692
693
694
696
717
744
18
25
126
150
203
207
258
295
339
418
499
533
553
577
695
714
747
758
12
82
84
97
110
125
135
254
380
409
466
472
531
556
572
598
683
721
50
99
155
169
194
217
247
355
357
377
389
393
408
448
462
497
573
603
657
698
700
708
770
783
25
44
74
98
126
169
260
283
462
491
539
577
578
591
614
656
66
69
79
98
120
237
267
290
321
380
416
462
481
528
562
607
728
732
755
757
83
84
156
170
197
252
282
301
503
511
528
544
623
637
730
6
8
36
75
144
214
279
309
343
382
477
500
512
514
578
601
613
621
721
19
115
133
188
222
223
244
316
323
327
360
399
499
516
541
608
613
679
697
728
740
772
16
58
59
77
87
159
184
239
240
247
372
529
603
654
671
675
684
685
761
27
38
67
78
118
142
264
265
341
377
391
398
411
439
453
517
525
550
686
739
740
774
794
19
55
60
133
168
235
306
324
424
497
513
596
671
757
780
0
8
24
114
155
165
243
296
314
336
370
407
436
440
447
554
561
613
663
698
791
49
56
110
180
256
312
348
368
389
390
404
459
485
644
714
760
24
60
63
111
204
209
220
332
440
454
456
501
504
525
552
576
621
623
652
709
712
716
74
186
202
229
365
402
449
488
601
615
649
660
685
709
731
751
763
765
141
190
220
261
264
270
328
426
439
483
496
576
634
701
723
733
734
780
43
99
109
117
135
144
204
233
241
245
328
483
522
582
673
681
749
771
798
57
59
205
271
279
313
321
343
352
417
568
608
684
721
748
10
31
81
87
215
233
251
272
354
459
483
539
641
726
758
784
795
0
71
82
104
162
176
246
258
281
309
390
422
429
446
487
506
530
534
602
650
653
36
37
72
158
182
235
266
267
317
362
375
450
473
538
572
589
634
719
738
762
777
12
93
106
163
175
190
297
339
387
475
562
581
612
617
625
707
740
747
796
25
71
86
207
248
283
306
315
333
381
398
426
492
515
521
597
605
658
679
700
743
793
13
133
222
243
262
320
375
382
465
475
532
558
594
618
669
707
718
719
745
766
48
62
146
153
178
216
237
392
445
453
532
566
616
620
637
677
682
694
794
58
102
156
182
275
355
364
382
478
481
548
555
636
645
663
688
706
712
738
742
759
34
54
166
189
197
224
233
243
352
374
440
456
508
509
537
555
571
579
624
674
784
56
84
129
185
223
296
385
451
498
524
538
656
663
733
741
764
786
792
19
21
31
90
132
183
297
339
365
474
546
598
761
763
15
42
54
133
141
157
166
227
249
293
357
373
418
471
560
632
715
775
784
791
21
40
213
214
297
339
363
459
477
539
541
563
580
623
750
6
16
62
72
83
142
170
184
243
274
280
308
325
336
402
454
503
520
542
652
672
39
47
55
76
176
179
188
212
237
318
358
361
391
416
422
463
466
517
557
681
703
715
728
757
15
19
105
286
293
393
398
418
420
433
520
580
599
613
651
655
663
665
722
752
783
26
136
138
157
212
249
313
331
366
451
472
555
633
730
748
764
784
26
27
57
63
79
81
103
131
191
196
243
246
277
311
327
360
391
493
528
608
11
24
114
154
170
196
274
294
324
350
457
474
571
588
593
594
651
654
795
32
58
95
111
114
130
140
295
296
300
314
350
471
554
580
593
712
745
795
5
19
85
103
142
267
280
300
325
326
396
431
480
595
625
749
758
0
37
81
87
128
144
197
232
247
285
287
297
341
362
366
426
577
586
614
664
666
720
59
141
154
233
242
292
329
334
369
381
418
585
664
669
693
706
709
774
779
793
66
81
89
121
169
180
265
308
311
323
341
343
352
363
399
409
482
511
521
609
620
705
721
739
758
7
40
41
74
123
220
239
268
362
421
457
628
642
689
690
697
20
25
43
52
91
232
277
292
319
339
365
427
476
561
564
571
584
640
671
691
714
753
765
136
162
201
284
309
311
330
372
380
403
434
441
484
509
514
551
591
615
712
728
733
784
786
14
60
72
74
90
91
248
319
336
390
476
603
636
650
754
27
52
88
152
265
323
336
341
382
416
431
501
521
526
534
537
557
568
696
766
80
83
130
185
266
267
275
330
369
376
392
420
438
481
510
542
569
605
615
688
694
745
768
770
27
51
117
142
276
325
336
388
392
399
484
510
557
561
623
755
784
37
136
140
167
194
212
420
433
537
633
734
749
752
784
787
80
83
158
190
327
355
443
449
495
544
550
566
695
698
763
65
107
188
204
236
247
248
309
322
499
500
536
601
610
631
634
700
709
765
767
53
339
419
425
437
494
512
515
535
539
607
622
693
719
778
783
42
61
67
123
178
274
278
284
300
325
527
575
598
637
766
5
36
109
127
187
193
205
250
267
317
328
359
485
525
639
643
721
746
785
11
48
58
93
100
158
159
180
190
218
229
310
387
409
410
411
567
614
628
751
760
26
37
134
142
211
212
226
233
306
308
344
357
439
499
590
620
625
640
752
95
151
256
293
310
473
491
615
632
647
733
745
766
769
53
63
93
99
214
232
236
250
264
305
328
335
430
659
707
767
768
798
799
45
70
88
117
159
196
253
351
399
408
439
497
527
568
573
584
682
770
775
799
15
19
62
142
364
393
471
515
518
593
616
662
694
721
773
777
798
43
115
116
137
147
233
237
293
329
346
355
488
508
604
689
779
788
22
35
123
168
171
196
253
275
331
338
390
498
502
505
574
607
678
680
689
29
62
85
152
267
326
520
541
544
554
590
632
659
708
712
768
19
45
62
92
141
172
182
349
364
436
444
467
480
504
572
584
593
742
759
213
300
373
398
403
408
441
478
484
485
489
552
593
624
694
745
787
795
6
38
56
100
104
148
150
156
167
219
260
273
311
342
427
464
501
547
553
693
59
147
186
188
213
228
229
293
304
329
347
369
435
443
477
488
494
521
561
606
648
710
731
66
322
339
363
374
428
430
603
641
646
670
691
774
778
794
6
31
163
266
293
297
302
322
373
386
450
452
528
577
641
667
680
726
753
28
64
76
80
95
106
147
183
186
413
437
474
612
618
622
627
631
640
707
735
736
9
56
103
133
326
369
432
472
555
655
669
734
15
24
42
92
95
111
235
287
375
548
636
651
779
35
64
165
209
210
445
471
487
555
571
665
672
713
726
764
768
42
45
118
153
219
330
378
411
432
454
532
594
595
620
732
742
752
33
44
105
133
140
157
185
200
201
278
448
545
550
579
621
629
633
644
674
684
703
712
787
2
73
106
147
194
208
383
422
423
425
489
550
614
671
675
691
707
735
747
753
796
1
4
82
178
226
239
285
300
301
308
330
392
451
455
472
528
529
574
576
633
637
688
697
723
736
770
166
180
209
254
261
346
355
419
461
472
680
737
784
795
4
5
67
110
138
192
224
280
290
294
497
520
582
590
615
632
644
688
44
68
69
108
148
168
238
248
311
426
480
506
650
659
678
699
793
59
75
81
90
104
162
186
188
195
210
213
304
334
339
421
468
474
616
661
789
5
36
79
99
114
118
137
139
214
242
257
310
380
472
483
514
542
678
707
41
162
169
205
239
266
293
354
507
544
604
611
642
646
665
676
14
31
34
65
130
174
237
240
246
315
333
355
372
406
410
464
515
563
585
622
648
659
667
670
707
729
765
778
7
11
22
233
239
250
293
329
332
334
381
429
504
575
624
626
696
717
749
24
69
74
75
134
176
186
214
270
333
442
610
671
710
14
40
112
113
134
161
297
307
322
459
474
530
570
604
635
640
740
747
760
774
780
792
97
124
194
254
290
342
348
457
502
550
555
564
583
629
641
681
704
720
763
3
84
117
173
298
326
368
422
498
538
542
546
606
641
687
692
702
746
60
117
124
150
183
203
210
212
223
271
296
360
368
400
409
417
466
486
649
711
770
22
88
120
224
243
398
403
434
469
496
551
594
674
697
733
775
784
0
38
107
142
203
208
227
258
315
336
379
407
414
458
463
547
577
626
659
719
727
739
748
758
781
60
186
287
339
402
413
458
505
508
525
546
549
603
610
684
726
760
774
779
6
29
34
83
152
331
352
377
381
399
400
420
453
473
576
608
610
719
741
767
772
789
6
90
214
216
225
289
290
353
358
469
495
531
539
596
644
760
771
3
49
64
84
141
178
194
211
231
252
300
375
376
388
412
438
532
542
553
633
772
783
51
63
114
173
315
344
364
368
420
471
492
552
677
57
73
79
85
115
138
153
172
177
306
355
362
398
469
500
509
518
575
620
639
731
795
18
25
83
176
189
192
291
315
361
395
426
487
589
759
766
790
14
96
112
266
293
318
369
371
381
490
508
577
639
662
687
729
738
40
59
74
147
200
228
229
246
260
280
293
294
354
358
433
468
500
507
561
666
731
746
774
796
44
47
108
124
140
145
150
194
244
246
253
286
290
355
433
451
505
540
661
690
4
39
46
61
64
89
151
180
223
224
252
271
392
403
454
455
532
542
556
574
615
785
9
97
104
194
215
217
225
348
357
391
412
448
528
531
560
586
680
711
735
778
792
10
37
60
101
188
213
242
262
271
294
347
369
413
459
529
603
627
670
738
789
792
793
58
116
129
133
293
336
400
417
640
651
669
682
720
730
771
772
792
26
44
65
83
145
149
198
269
270
287
305
326
345
413
451
489
515
592
602
725
774
17
86
112
189
211
253
296
317
394
429
459
467
491
514
550
578
583
659
686
707
719
729
767
16
18
43
93
108
150
238
258
273
384
385
414
553
565
727
767
793
93
183
308
405
416
439
534
549
568
641
684
693
711
721
735
740
5
53
120
139
159
172
177
227
236
247
313
392
467
505
525
639
685
703
725
777
1
28
33
135
151
165
185
197
261
332
369
397
553
628
643
645
752
769
53
102
164
255
285
378
438
440
470
486
559
620
628
665
722
723
752
773
783
23
46
104
119
230
238
269
344
429
448
453
474
547
609
727
731
762
70
151
153
154
163
164
239
262
381
401
423
574
676
685
696
711
726
798
42
46
48
51
114
128
132
182
208
235
242
293
325
548
552
576
634
665
698
721
41
100
163
182
197
204
232
332
344
364
378
434
530
588
594
643
651
656
687
698
748
791
57
139
187
274
316
335
354
356
361
365
416
420
461
500
518
531
677
743
749
756
9
47
91
129
156
210
211
212
382
392
453
527
643
674
705
708
728
772
789
4
15
27
52
166
179
191
212
295
299
330
345
351
377
460
466
526
572
708
735
111
127
140
142
226
262
264
285
336
361
369
411
412
442
476
484
511
542
549
583
63
66
77
101
177
186
228
349
402
415
484
512
546
561
563
610
667
701
726
731
753
789
24
41
91
114
132
279
366
426
494
524
552
629
632
660
725
791
68
110
122
191
215
217
389
390
408
502
511
525
585
637
28
67
130
153
194
211
214
226
262
301
346
371
374
392
430
431
481
503
510
600
623
687
721
7
46
176
207
247
251
379
407
622
649
693
699
737
743
746
86
128
131
134
139
155
169
183
234
311
352
426
453
517
580
614
671
679
700
740
755
756
757
40
47
181
183
191
236
254
289
366
404
459
573
686
699
757
20
49
110
169
203
256
276
307
458
567
583
678
714
772
3
16
48
158
204
242
268
286
433
453
456
548
581
613
643
688
699
710
725
795
4
114
141
185
206
224
252
270
278
290
301
335
354
370
427
434
496
594
730
797
17
21
30
228
383
410
425
437
459
502
617
675
693
760
794
13
20
102
143
163
217
225
252
259
284
509
549
553
594
661
681
695
720
735
737
790
799
32
57
85
117
158
159
171
172
177
270
354
371
414
437
470
595
599
616
702
773
9
143
231
275
278
297
309
378
438
454
489
496
503
510
528
544
565
583
592
595
672
717
93
101
121
124
169
238
249
287
338
545
548
562
630
648
743
61
64
231
267
275
300
301
318
361
370
371
412
457
470
490
542
553
740
766
769
795
799
33
140
142
150
157
271
397
400
482
543
571
630
646
674
682
748
28
37
40
69
87
106
113
214
297
312
435
496
500
529
631
640
666
671
675
686
765
6
44
107
112
176
221
238
245
315
473
499
521
553
673
758
51
63
80
92
121
222
288
332
344
432
479
523
537
543
608
654
688
716
45
50
76
256
341
343
380
404
500
517
528
540
573
591
598
654
697
740
781
787
792
795
799
5
38
56
86
152
170
200
227
311
323
329
389
394
416
457
482
483
495
515
568
692
766
781
22
88
116
133
138
153
157
166
223
243
279
384
451
498
571
607
624
630
632
697
704
720
776
781
32
42
67
92
201
235
268
296
344
367
368
385
420
472
504
523
530
557
572
593
716
23
25
114
124
186
188
190
208
287
306
385
407
473
503
516
519
540
544
547
667
743
15
109
127
140
146
169
278
300
330
418
444
470
638
712
722
732
742
786
56
73
114
157
185
243
284
311
323
375
404
432
433
441
478
480
495
579
584
627
715
786
787
110
112
131
167
231
242
366
367
389
396
408
510
562
591
621
682
754
781
13
29
114
131
136
168
169
207
220
377
390
439
453
455
552
569
621
56
95
117
120
140
157
225
275
295
397
430
559
616
669
754
782
784
11
50
73
101
132
274
406
520
558
581
588
593
602
654
716
747
2
44
49
134
152
200
228
237
254
261
312
436
511
590
598
621
768
101
153
188
202
220
223
322
347
386
402
418
450
455
474
508
529
563
719
753
6
64
68
117
178
215
217
218
234
289
328
411
428
543
556
591
714
96
101
126
171
191
246
319
437
491
529
561
577
602
631
648
670
744
765
775
778
796
6
35
46
66
109
253
287
363
450
495
570
636
644
661
668
681
735
763
14
35
66
122
123
155
176
203
280
322
395
516
542
616
637
642
659
671
791
7
19
47
75
96
124
163
201
275
296
368
431
457
587
594
613
616
650
665
677
702
716
723
732
780
13
31
55
70
129
188
217
290
315
462
536
608
633
644
656
751
123
128
131
155
234
283
323
379
399
424
453
466
517
550
577
705
776
2
191
256
293
311
321
357
363
380
454
557
573
574
578
598
686
751
775
781
0
34
55
143
202
215
259
312
394
395
494
564
585
691
728
750
751
756
22
66
91
133
156
217
292
331
375
433
443
450
480
545
551
633
668
780
40
41
62
118
126
142
164
205
241
293
298
408
427
471
527
552
592
662
673
692
693
789
29
59
68
91
107
169
234
237
265
276
297
310
351
360
381
382
404
409
466
535
549
569
579
590
607
686
740
744
4
37
62
80
105
126
196
197
211
255
256
326
336
371
376
469
484
510
522
569
623
625
640
732
735
776
5
13
122
177
186
210
235
294
316
339
356
381
460
492
505
647
653
654
666
692
797
798
21
32
80
149
159
197
226
235
296
319
357
371
403
420
422
484
501
523
606
695
715
796
17
86
251
266
283
306
333
399
407
410
446
476
499
507
563
568
578
589
711
776
790
26
89
175
186
276
297
365
400
405
410
413
515
569
577
617
648
658
677
726
794
9
123
135
181
185
196
249
279
284
308
313
400
433
482
555
573
625
720
730
741
47
84
114
117
129
133
144
185
404
437
440
444
534
624
671
748
784
787
103
132
201
202
285
325
354
363
368
376
428
537
559
587
608
618
709
734
24
25
77
96
184
221
222
233
235
245
269
280
340
381
423
486
626
676
678
736
754
30
55
100
134
155
166
191
218
256
268
390
495
515
528
536
542
591
644
661
728
751
756
68
122
218
221
223
235
350
450
466
471
555
613
643
684
716
749
20
23
124
194
212
259
282
312
348
395
447
491
531
570
661
680
714
2
85
102
108
131
134
180
215
249
256
387
396
446
511
598
603
617
641
714
735
776
36
38
57
94
147
154
159
160
187
270
299
397
401
566
581
631
663
665
723
52
60
63
95
114
163
201
216
222
299
443
524
559
604
647
674
702
796
82
127
174
207
208
215
263
283
306
315
427
506
577
640
653
664
719
758
759
4
19
76
161
172
187
217
308
340
366
374
463
470
486
560
573
625
688
708
742
768
775
2
16
29
97
118
156
181
215
254
346
352
380
389
403
410
451
549
556
562
583
628
784
10
115
193
245
272
274
298
300
514
542
572
601
606
625
663
672
778
1
23
80
95
127
197
262
335
364
403
443
444
467
471
472
552
559
594
624
648
722
742
1
33
161
216
232
288
329
336
349
364
430
443
481
498
524
538
540
566
593
607
648
654
663
722
764
35
136
178
185
224
252
257
259
317
403
445
481
541
542
655
665
787
6
20
55
70
148
156
171
176
244
276
319
384
386
395
417
502
605
614
624
644
668
680
683
704
714
750
86
93
139
164
189
233
277
281
283
385
429
658
726
739
744
776
793
13
45
49
70
84
134
180
196
212
217
356
408
435
460
549
560
569
586
628
5
79
91
101
132
149
183
195
220
221
302
376
402
440
541
601
606
688
695
734
791
798
6
80
179
313
378
391
393
532
616
645
732
736
792
72
101
158
195
214
259
299
312
334
347
413
421
458
592
599
631
671
716
765
795
3
63
85
106
127
149
184
290
392
426
514
559
563
724
754
8
78
80
94
99
130
137
144
164
188
202
287
294
329
397
409
415
452
475
500
512
586
675
710
724
737
775
48
109
130
241
264
321
329
381
393
468
490
494
588
626
642
662
676
706
749
798
18
36
124
176
188
203
244
248
253
331
386
395
401
429
454
596
630
668
671
683
5
42
136
160
195
211
220
263
270
298
325
371
373
474
496
576
592
599
797
29
45
61
83
102
108
117
184
219
370
411
459
469
551
573
594
693
755
770
178
200
207
210
250
286
348
354
414
424
442
501
548
567
581
639
676
682
684
756
760
44
51
71
98
124
171
207
251
356
448
521
667
677
700
748
759
8
14
59
106
241
294
365
458
493
500
501
529
642
657
686
692
706
753
773
5
17
35
57
119
193
236
264
324
356
490
639
646
707
797
98
143
162
186
229
304
428
477
621
660
711
788
791
19
33
140
210
313
357
393
413
414
418
440
537
566
584
651
663
741
752
772
16
164
200
291
297
328
410
446
462
483
534
596
658
707
786
797
67
103
109
210
278
337
406
421
451
454
464
486
510
636
718
766
768
151
161
202
267
284
327
330
374
393
431
467
488
541
558
565
566
600
643
732
742
16
136
150
184
190
214
271
294
372
428
539
578
586
640
719
796
44
59
106
114
135
147
183
266
298
333
430
477
581
627
631
646
650
709
744
747
761
0
3
5
43
48
73
77
85
204
242
280
372
394
641
720
26
138
153
211
232
349
376
431
448
463
481
505
520
623
625
628
638
645
732
1
11
32
57
68
115
195
199
232
242
287
296
342
413
420
482
556
557
560
612
706
788
792
53
73
93
98
113
171
177
215
238
267
321
358
371
383
459
477
491
533
635
651
669
693
721
766
772
796
83
103
179
210
244
296
308
380
412
420
437
455
532
574
620
678
764
769
791
91
136
151
179
201
223
307
309
388
433
472
492
551
580
593
596
632
679
733
26
27
39
211
296
428
445
463
574
579
590
592
620
694
18
27
127
187
221
260
268
280
316
365
388
492
499
582
604
749
195
242
334
335
477
512
555
618
709
713
726
782
19
32
95
114
243
314
396
449
462
519
520
591
598
620
663
685
732
773
46
50
55
64
113
129
141
144
179
196
200
272
320
345
482
495
530
659
704
748
755
778
129
138
148
210
277
279
323
371
379
543
545
551
605
674
713
748
799
59
98
125
155
187
200
202
228
233
294
322
333
458
477
546
563
587
601
618
641
643
660
675
719
724
731
774
209
214
223
231
279
286
289
296
341
436
464
470
486
530
551
624
715
741
769
22
57
61
88
160
165
166
206
223
231
284
309
325
441
456
482
484
503
567
571
751
764
775
785
57
73
101
119
154
159
303
401
422
427
458
523
652
702
17
251
291
297
373
383
494
622
642
658
700
719
740
784
16
23
35
40
47
212
244
290
320
337
382
432
452
479
564
615
661
682
704
763
211
223
231
262
289
349
403
405
412
431
460
484
531
565
672
766
769
33
37
62
140
148
151
164
173
314
349
554
620
652
693
708
768
57
94
118
139
149
161
221
236
241
461
505
507
518
608
611
678
692
770
798
25
134
184
307
387
388
450
463
477
494
513
546
574
589
617
698
736
760
12
87
91
151
199
207
247
365
379
425
475
476
495
496
517
586
619
631
671
704
736
753
796
14
41
96
118
138
162
245
329
364
406
449
490
565
604
610
635
666
689
693
23
42
95
138
168
204
344
393
461
519
524
526
537
584
616
631
669
698
738
102
107
112
180
195
215
217
250
289
337
358
367
376
406
419
482
486
502
564
567
583
596
661
731
763
1
2
15
19
37
97
151
182
235
255
280
314
374
375
378
432
519
600
620
712
722
14
121
147
188
225
259
292
315
385
475
490
545
611
618
662
722
739
788
35
86
130
147
221
234
270
274
314
363
373
380
464
575
588
666
685
762
797
1
21
49
191
342
474
491
543
563
578
593
594
685
696
759
72
126
130
190
205
222
233
316
317
421
497
533
678
688
726
749
762
782
789
34
53
94
112
152
230
256
258
273
345
352
353
367
426
452
487
566
618
664
699
703
706
710
15
28
42
87
302
314
357
381
440
443
479
513
524
613
622
654
673
704
713
776
2
3
29
31
33
218
255
257
321
364
393
420
438
634
638
689
713
732
733
740
780
11
38
48
57
174
207
212
219
230
269
273
314
426
575
589
662
677
743
1
32
150
206
228
235
316
393
415
443
548
549
559
575
594
651
673
20
22
39
153
160
215
231
307
309
378
388
440
478
595
703
764
786
787
788
792
16
45
191
200
209
234
282
404
410
434
524
567
682
710
714
792
12
75
93
115
141
181
186
190
205
209
229
292
304
402
409
610
670
779
17
89
145
259
306
337
361
429
578
597
614
635
677
719
739
790
7
23
123
124
216
230
242
384
465
470
487
491
499
515
565
629
690
703
704
767
63
73
75
128
144
186
214
264
369
402
421
530
612
631
695
755
777
782
796
13
66
123
191
194
196
215
216
253
348
385
488
509
540
564
583
585
636
644
703
766
793
0
30
41
61
79
90
154
204
239
362
369
383
397
467
507
572
604
646
653
688
689
690
742
754
1
27
92
119
194
204
257
287
288
314
344
353
418
432
434
440
587
592
594
613
628
6
44
131
134
152
183
200
207
238
273
347
359
446
447
589
650
683
699
717
740
742
14
57
122
158
173
229
373
440
480
490
520
523
566
587
595
709
725
791
72
135
146
221
245
265
266
317
329
340
356
446
508
546
575
642
647
685
765
34
46
51
71
162
213
219
379
476
491
529
553
609
679
13
104
181
290
348
353
365
564
571
596
605
683
690
699
738
755
756
771
15
24
73
110
223
225
255
307
390
430
447
478
513
558
622
643
720
764
0
40
71
93
174
175
184
263
291
300
475
491
512
563
657
703
711
739
794
14
84
174
247
415
417
450
483
493
534
546
565
580
601
605
641
706
39
221
226
236
304
305
325
370
376
438
480
542
592
637
766
3
7
25
58
150
155
162
232
252
289
334
423
547
572
651
654
706
779
798
39
49
77
129
140
145
255
271
378
433
482
498
526
545
588
630
679
720
778
799
25
32
42
87
123
149
228
287
312
415
483
539
546
603
631
683
696
701
760
790
1
72
121
236
241
316
388
490
522
582
604
608
678
705
769
56
126
156
167
171
251
269
315
346
431
504
525
566
578
609
653
658
739
793
16
46
49
139
161
187
236
247
264
274
469
487
489
536
582
623
639
649
676
688
749
798
37
95
105
138
210
295
338
400
414
429
534
624
667
674
691
741
747
779
35
138
169
181
289
290
299
314
358
379
469
476
485
511
585
596
728
6
23
63
181
215
225
282
290
423
439
495
540
564
751
769
35
84
86
90
101
275
312
332
360
378
400
405
431
466
513
545
556
608
636
656
693
704
715
748
757
760
69
71
112
123
176
219
238
243
269
271
343
353
379
408
596
605
664
668
675
772
797
117
120
145
217
218
276
286
326
377
389
396
415
424
482
500
517
584
608
728
740
742
758
772
776
5
46
205
229
236
264
274
415
421
518
522
628
647
648
666
705
45
102
122
183
218
256
276
311
314
391
416
515
535
546
569
573
610
711
724
740
755
32
51
60
96
111
114
132
178
242
324
359
496
507
524
532
769
786
12
180
199
233
245
310
329
360
368
432
454
484
486
537
548
590
599
649
662
678
736
7
135
228
288
311
331
342
369
449
468
469
642
652
662
709
25
38
66
94
100
129
220
223
238
248
269
282
449
509
659
662
668
704
2
21
173
175
189
281
401
450
475
483
570
679
704
739
794
37
96
160
199
200
213
279
280
294
310
342
406
496
550
572
575
610
639
693
33
75
141
266
374
387
401
406
447
459
473
517
533
539
572
607
622
638
642
682
692
717
738
743
762
4
19
111
158
192
226
262
280
306
325
350
406
431
454
467
472
625
708
723
771
12
28
60
79
114
135
170
177
261
371
397
407
457
540
576
599
660
754
780
791
37
118
127
156
259
264
310
340
406
453
492
522
648
675
698
736
761
785
6
123
129
147
196
243
269
313
320
351
414
449
484
498
549
551
703
777
786
24
63
90
288
294
296
332
359
409
418
457
523
524
640
643
696
702
724
738
742
6
69
108
234
295
345
487
533
535
537
650
664
668
707
793
6
17
124
203
275
283
292
319
325
341
354
383
394
409
429
458
534
609
635
772
778
14
21
97
106
175
211
322
365
422
529
675
760
32
42
80
114
158
210
239
299
301
372
496
541
566
588
634
698
791
69
123
164
216
290
293
367
439
482
518
650
655
659
661
670
697
741
782
68
94
100
112
115
123
141
143
201
290
330
495
551
596
629
636
641
651
659
682
690
691
757
31
33
78
143
146
150
155
162
265
312
358
448
526
568
676
685
738
755
17
144
214
239
242
342
432
447
604
610
621
650
671
673
746
762
790
792
21
25
41
171
186
213
231
297
354
366
367
428
430
465
477
483
489
491
515
611
614
699
711
739
3
20
26
37
45
145
182
197
227
245
308
330
364
409
470
526
527
590
638
694
722
742
115
180
202
229
240
268
342
420
421
447
458
581
618
627
665
689
724
41
52
60
111
112
162
186
260
319
333
368
474
493
537
603
650
656
761
777
10
34
40
97
121
183
246
248
291
292
306
394
497
511
517
522
577
612
670
686
707
726
739
783
790
79
87
95
117
144
288
308
314
324
359
420
432
444
451
470
482
554
645
732
2
32
105
114
155
156
166
180
279
320
369
374
375
480
627
630
651
652
787
13
55
97
148
282
319
407
419
450
536
562
585
586
596
656
763
775
49
133
176
196
286
351
360
436
439
555
576
632
682
748
786
32
42
43
60
92
139
222
288
420
548
552
559
566
584
601
41
43
60
68
90
147
164
266
334
356
406
492
542
664
693
737
762
775
788
37
56
63
78
83
148
149
178
243
250
301
331
375
430
615
750
764
10
17
51
66
81
227
267
382
427
430
459
499
501
515
561
589
617
631
635
658
772
790
793
796
22
63
75
88
136
140
145
151
212
446
495
513
540
551
579
619
669
674
748
769
70
76
131
147
200
384
391
408
413
424
448
461
467
517
523
532
622
728
781
15
59
151
177
178
216
227
288
378
440
520
554
593
594
645
646
708
723
752
26
57
180
226
247
308
326
364
392
400
422
484
520
566
587
694
722
732
768
63
122
125
193
207
240
347
379
602
603
631
686
698
709
774
5
28
55
79
158
161
198
240
285
324
399
514
518
530
537
665
797
14
25
156
171
187
241
291
383
425
476
480
500
522
529
578
597
627
649
711
729
794
58
60
148
208
227
281
307
308
312
331
372
377
379
499
516
521
743
89
102
221
325
337
352
361
405
411
414
439
451
526
570
583
680
684
721
740
23
31
49
134
208
251
263
297
311
328
491
507
515
726
145
152
156
183
284
412
441
513
538
579
748
72
101
131
149
292
310
315
367
421
474
505
508
521
529
631
644
15
19
62
197
208
330
349
392
411
481
554
566
574
600
616
620
628
652
712
723
68
81
92
103
133
156
168
194
206
284
338
422
434
451
464
498
624
652
54
184
201
268
270
324
328
360
368
373
376
377
401
403
422
456
478
581
599
107
113
150
180
185
187
358
384
394
477
483
511
517
527
540
564
574
586
738
794
18
41
50
107
109
137
154
221
239
252
317
340
401
477
484
582
600
640
641
688
696
786
798
7
143
179
226
254
276
485
533
540
603
717
11
59
74
90
147
154
186
190
233
305
322
330
369
427
432
507
512
643
668
693
698
705
735
41
262
369
416
448
499
597
646
658
670
677
691
707
711
771
785
183
194
205
226
313
319
386
404
414
416
428
494
517
534
544
549
573
635
652
664
684
686
728
757
781
786
28
39
44
56
88
101
117
136
141
164
184
223
239
379
434
501
579
613
632
679
703
752
784
192
255
288
326
336
349
360
382
402
432
471
481
554
590
593
616
662
664
684
698
708
757
0
44
76
98
126
174
222
319
342
345
372
379
429
525
533
543
553
653
693
727
758
0
17
82
86
98
99
164
189
207
329
331
385
406
563
573
597
618
61
64
103
205
223
226
231
262
278
325
350
376
430
444
454
464
472
766
781
21
85
149
163
198
270
298
302
305
328
333
335
461
496
508
533
706
754
780
795
8
87
107
125
161
178
184
214
219
228
287
329
363
391
407
428
483
494
559
618
679
116
140
156
168
206
271
273
275
286
424
441
499
524
545
580
609
629
630
682
715
720
730
15
24
34
118
137
164
198
239
245
257
310
362
423
445
456
492
525
584
604
626
649
678
798
34
66
97
107
124
191
217
218
254
276
282
346
348
357
404
437
570
596
718
755
756
51
68
93
94
150
206
280
290
346
356
357
421
462
567
569
570
583
633
681
1
19
41
151
153
222
288
326
364
440
456
463
481
519
520
613
722
741
16
69
106
190
215
225
228
274
292
365
450
476
483
529
561
610
641
761
774
782
16
63
73
137
177
222
299
302
314
335
401
452
556
558
582
602
662
695
746
794
795
89
102
191
204
217
228
277
341
343
378
389
391
404
411
455
534
607
629
660
668
686
705
750
776
781
18
45
169
181
185
210
297
322
358
390
525
534
570
583
608
668
750
776
28
29
47
58
61
84
183
204
242
391
396
411
417
439
534
535
682
704
740
742
17
126
171
174
189
254
263
273
287
315
407
425
445
448
499
547
589
684
743
71
115
122
124
204
208
214
219
287
385
432
471
506
589
609
648
767
2
100
106
240
365
419
462
494
500
502
539
608
640
675
682
701
774
92
121
125
163
190
195
282
315
319
333
365
415
435
618
696
710
753
765
795
65
77
121
245
260
310
324
337
345
365
378
379
396
401
427
521
647
649
693
706
717
765
6
49
70
122
216
231
244
256
261
346
394
421
435
457
495
564
636
644
714
54
192
194
316
368
384
434
441
480
594
623
633
655
669
718
37
45
77
116
125
144
180
247
261
322
336
355
356
365
372
421
450
458
491
546
563
601
666
761
762
785
794
5
103
168
211
261
430
453
460
464
506
544
550
615
622
637
661
672
745
23
45
104
108
112
153
208
230
272
338
353
458
465
501
515
516
659
759
781
26
67
83
103
146
178
253
309
336
390
454
465
470
480
560
590
615
638
723
799
4
15
61
111
141
167
178
243
376
464
519
544
623
632
637
676
681
687
720
69
117
131
145
155
168
178
331
366
404
409
454
466
484
497
607
639
23
102
108
123
126
194
216
224
282
329
388
423
502
513
668
694
739
9
23
46
57
101
103
136
207
300
308
414
501
503
513
526
536
613
622
683
684
700
719
775
26
33
62
74
128
364
467
520
541
610
628
11
16
51
82
132
144
155
174
214
264
272
287
297
416
447
475
494
500
508
514
631
724
753
760
796
30
135
136
185
193
212
279
330
359
436
466
498
563
569
590
603
633
714
717
772
792
796
35
50
72
133
230
234
242
348
362
366
551
568
574
577
586
597
651
684
755
756
19
53
62
87
164
179
221
236
257
268
296
316
335
379
394
427
467
518
660
697
710
785
31
50
119
216
246
289
315
362
459
475
491
511
563
592
629
674
700
5
166
250
294
312
334
336
339
348
355
363
369
400
447
468
479
500
657
673
679
57
73
92
133
257
277
299
302
303
305
371
373
397
417
422
494
566
571
652
695
746
791
15
27
155
167
183
265
499
549
550
551
556
569
721
740
745
755
767
12
35
39
75
97
194
276
283
292
319
333
558
627
649
660
703
753
25
113
172
246
253
283
318
339
352
394
409
440
459
503
520
711
796
61
141
194
223
309
337
370
425
433
436
441
451
455
456
485
498
558
580
591
635
741
25
161
173
193
221
236
302
394
461
510
633
696
739
765
777
54
108
119
224
228
237
320
327
386
434
451
554
555
614
655
687
697
715
736
740
29
84
88
183
188
307
325
370
374
380
456
472
482
549
555
580
595
655
713
7
88
115
142
147
154
172
293
334
344
468
612
621
646
655
717
75
81
96
135
199
329
347
381
488
501
512
526
529
572
649
0
86
88
144
172
176
227
273
281
298
361
379
389
506
540
577
658
675
706
711
719
42
80
128
137
169
301
342
345
352
372
400
418
436
524
530
565
599
612
623
665
695
702
780
60
175
217
261
306
324
337
434
494
511
512
513
549
600
621
655
656
706
775
0
40
42
43
71
86
116
121
215
219
229
283
323
363
375
404
429
447
487
512
516
597
661
677
699
719
14
21
53
67
109
175
223
238
260
394
416
431
475
539
578
670
691
726
735
754
765
796
48
88
94
257
302
328
371
379
400
403
425
443
444
472
485
505
537
544
549
601
746
754
761
25
158
175
317
322
334
357
428
483
508
563
576
588
617
622
641
660
719
774
775
783
794
132
139
193
246
302
318
333
335
340
538
575
606
611
614
647
683
725
57
77
85
109
146
151
257
264
272
274
305
310
317
340
423
465
467
522
575
599
604
639
673
678
736
749
14
54
56
61
62
103
128
208
226
230
267
275
303
309
377
389
398
465
466
540
544
549
630
674
768
