AdjacencyGraph
100
1776
0
14
29
43
65
83
106
126
146
164
177
191
207
225
238
251
271
290
309
323
342
362
380
401
417
434
452
470
485
507
523
540
560
579
599
619
639
659
682
695
717
734
751
768
790
807
824
842
859
876
892
912
931
948
966
984
1002
1021
1034
1048
1069
1092
1111
1128
1141
1156
1176
1193
1211
1231
1244
1256
1274
1293
1315
1335
1348
1364
1380
1394
1409
1429
1448
1464
1483
1505
1524
1541
1556
1571
1591
1609
1624
1643
1662
1679
1696
1720
1739
1756
1
16
23
24
26
39
44
50
51
56
59
82
87
98
0
8
35
38
41
47
50
62
66
74
76
84
91
92
96
3
4
16
25
36
46
48
49
56
60
66
73
75
90
2
6
13
15
16
19
28
45
49
51
53
54
59
61
64
69
73
76
83
90
92
93
2
11
13
15
28
30
33
41
42
46
52
55
58
60
72
75
78
92
8
11
14
18
20
23
29
34
36
51
52
57
61
63
64
68
72
79
83
85
87
90
94
3
8
15
26
34
37
39
42
48
60
61
68
71
77
83
87
88
91
93
96
8
10
21
23
25
27
34
37
40
55
66
72
74
75
80
88
89
96
97
99
1
5
6
7
12
16
18
25
31
34
43
56
65
70
72
73
81
82
16
17
18
20
35
36
39
45
58
65
67
71
74
7
28
47
52
58
67
72
73
79
81
85
86
89
96
4
5
29
44
53
55
70
71
72
73
76
80
84
90
98
99
8
14
18
25
34
36
40
42
48
49
50
51
60
68
71
78
81
97
3
4
15
17
19
22
29
38
45
52
88
89
97
5
12
21
23
53
55
57
63
67
74
83
96
97
3
4
6
13
17
18
20
23
31
36
42
47
48
61
62
78
80
81
84
95
0
2
3
8
9
17
19
20
27
31
43
44
62
63
65
66
93
96
98
9
13
15
16
22
28
29
45
53
55
60
76
78
85
89
90
94
95
97
5
8
9
12
15
22
28
29
32
36
40
41
45
62
3
13
16
23
30
33
34
40
45
51
53
57
58
70
74
78
80
82
88
5
9
15
16
25
33
34
35
36
37
43
51
52
54
59
66
67
74
85
98
7
14
22
39
40
41
45
49
54
58
67
69
80
83
86
87
94
97
13
17
18
21
28
29
33
34
43
48
60
68
70
78
82
83
85
93
94
97
99
0
5
7
14
15
19
26
28
37
39
43
49
54
61
69
89
0
25
31
37
40
41
42
43
47
59
64
68
71
72
75
86
95
2
7
8
12
20
24
28
38
39
41
42
47
61
63
81
90
94
96
0
6
23
27
28
33
38
41
43
46
49
54
62
68
69
74
88
96
7
16
26
36
38
52
56
58
67
68
72
80
84
90
99
3
4
10
17
18
22
23
25
26
29
30
48
50
52
53
74
82
83
84
89
90
96
5
11
13
17
18
22
28
33
37
51
56
66
68
87
91
92
4
19
28
34
42
46
47
50
51
59
73
74
81
82
85
95
98
8
15
16
24
38
42
50
53
61
70
71
73
77
81
83
85
86
95
97
99
18
35
37
41
42
48
50
52
57
59
61
67
71
80
81
84
85
88
95
4
19
20
22
26
29
34
40
45
59
60
61
62
64
65
69
84
88
91
96
5
6
7
8
12
19
20
22
30
33
43
46
62
65
69
71
79
80
81
82
1
9
20
32
38
42
43
45
47
52
53
65
73
80
81
82
85
91
92
98
2
5
9
12
15
18
20
27
41
43
46
51
53
56
62
66
73
79
84
92
6
7
20
23
24
29
32
39
44
46
47
50
60
65
73
75
78
81
88
92
93
94
99
1
13
25
26
27
31
35
44
51
55
65
74
81
0
6
9
21
23
25
37
40
45
50
54
60
63
64
70
80
84
88
89
90
91
93
7
12
18
19
21
24
33
39
41
43
51
56
61
68
79
93
99
1
4
18
21
24
25
26
32
36
40
58
68
82
83
86
96
98
4
6
12
15
24
25
30
31
32
35
69
75
81
85
92
95
99
8
16
20
22
23
24
26
34
35
36
40
45
53
54
56
71
73
74
76
78
84
90
0
11
16
37
38
46
48
54
55
67
71
75
76
82
83
89
91
3
9
13
17
18
19
21
33
35
39
43
51
52
72
80
88
90
2
4
26
30
34
36
37
44
53
54
55
60
68
70
72
73
74
76
1
10
15
24
25
30
35
37
51
54
55
56
59
72
77
97
98
2
6
12
15
22
28
32
44
50
54
58
59
61
79
84
91
96
2
3
12
21
23
26
60
65
66
68
70
72
74
93
94
98
0
1
12
28
30
31
32
37
39
48
53
60
61
65
69
71
81
82
88
89
0
3
5
12
19
20
29
30
36
38
40
45
47
54
62
64
85
92
94
4
5
10
13
20
27
28
32
35
45
62
66
68
73
83
86
94
3
11
14
17
19
28
31
35
36
43
46
50
77
92
93
94
96
99
3
20
21
23
26
39
43
44
46
47
48
51
64
70
83
84
85
96
4
7
11
14
17
38
44
46
47
56
60
63
68
72
79
87
90
93
0
2
8
27
29
36
40
43
47
55
59
64
66
77
80
86
87
90
95
5
14
19
32
63
64
72
77
78
82
89
92
97
4
9
10
19
21
27
41
48
65
76
77
83
92
99
0
3
20
24
30
32
33
47
48
56
61
65
73
77
79
80
86
88
92
96
97
2
4
6
12
17
22
33
37
39
46
49
50
55
64
67
75
76
80
81
83
87
91
94
3
5
6
15
23
25
31
32
33
40
48
50
59
66
71
77
86
89
97
1
15
16
18
26
33
34
36
51
52
67
68
71
79
81
94
99
5
14
16
25
39
55
57
64
70
74
75
84
93
3
5
24
33
39
51
54
56
57
60
63
73
91
96
98
8
9
16
33
34
35
37
38
49
50
58
59
68
69
71
72
73
77
82
85
1
2
7
16
20
29
36
49
52
56
61
72
74
77
84
92
95
9
10
14
20
21
27
32
44
60
62
69
84
87
89
95
97
98
99
5
6
12
22
24
26
27
29
40
41
46
49
52
55
62
65
69
76
80
86
3
21
23
26
33
34
42
50
65
67
68
70
71
8
11
19
22
31
39
46
49
54
63
69
98
6
9
11
12
24
31
32
34
43
44
50
61
62
65
69
76
80
84
4
5
7
8
10
11
24
27
45
46
47
49
55
57
65
66
77
79
85
2
3
8
10
11
30
31
35
36
37
43
46
52
59
64
65
81
83
87
89
91
92
1
7
9
14
19
20
26
28
30
38
43
46
49
63
66
80
85
86
97
98
2
4
7
24
37
42
44
60
63
80
91
93
96
1
3
11
17
43
44
46
58
60
68
71
82
83
93
96
99
6
31
47
53
56
57
58
59
61
65
66
72
79
89
94
95
4
12
15
17
19
22
37
43
57
85
87
89
93
96
5
10
34
36
40
48
55
59
62
72
77
83
89
94
95
7
11
15
19
21
27
32
34
35
39
45
56
59
60
68
71
74
75
84
92
8
10
12
15
25
30
31
32
34
35
37
38
42
50
60
62
73
84
96
0
8
19
22
28
30
34
35
41
44
50
57
65
76
83
87
3
5
6
14
21
22
28
31
41
44
52
54
58
60
73
76
79
82
97
1
11
15
27
28
32
33
36
39
43
48
54
63
66
67
71
80
81
89
90
94
99
5
10
17
20
22
30
31
32
35
42
51
54
65
72
74
78
88
93
96
10
21
24
31
41
52
56
59
61
68
74
87
89
92
93
95
97
0
5
6
21
29
55
56
60
67
73
78
82
86
95
98
6
7
13
19
26
32
33
37
39
45
50
59
85
95
99
7
10
13
17
23
28
39
44
50
57
61
67
73
77
78
79
84
86
98
99
2
3
5
11
17
25
27
28
39
43
45
55
56
84
93
97
98
99
1
6
29
33
35
39
44
48
60
64
73
75
96
97
99
1
3
4
29
35
36
37
42
51
53
57
58
59
66
73
80
86
93
96
3
6
16
22
37
39
40
49
53
55
63
75
76
78
85
86
90
92
95
5
17
21
22
25
37
49
51
52
53
60
62
77
79
84
97
99
15
17
24
30
31
32
42
56
66
67
77
79
86
87
88
93
98
1
6
7
10
14
16
25
26
28
33
41
48
53
54
59
64
75
76
78
81
85
91
92
99
7
12
13
14
17
21
22
31
47
57
59
61
67
74
83
86
90
91
94
0
11
16
20
30
35
41
47
49
64
67
70
74
87
89
90
95
7
11
22
27
31
37
40
42
53
58
62
67
76
84
88
89
90
91
94
96
