AdjacencyGraph
400
7606
0
17
37
51
63
80
101
125
150
171
186
205
228
252
267
294
309
332
351
370
387
402
422
443
468
485
502
516
535
557
572
591
610
626
646
665
690
706
726
741
759
779
800
819
834
853
872
889
906
926
941
957
982
1001
1021
1043
1067
1087
1107
1122
1144
1165
1181
1201
1216
1234
1254
1272
1290
1306
1326
1352
1372
1388
1413
1431
1447
1467
1488
1503
1521
1539
1559
1574
1594
1615
1632
1654
1671
1689
1710
1729
1753
1773
1794
1816
1835
1857
1872
1890
1909
1927
1951
1974
1993
2012
2029
2045
2063
2084
2108
2126
2144
2161
2175
2200
2221
2240
2261
2277
2297
2315
2330
2348
2372
2394
2411
2428
2449
2471
2494
2518
2539
2558
2578
2597
2618
2637
2652
2675
2695
2719
2736
2756
2774
2797
2817
2836
2852
2871
2887
2908
2926
2948
2964
2982
3004
3032
3044
3066
3085
3096
3118
3137
3155
3176
3197
3211
3230
3247
3271
3291
3312
3331
3353
3367
3387
3406
3426
3446
3463
3485
3504
3522
3548
3570
3594
3607
3628
3647
3666
3686
3707
3724
3743
3760
3779
3798
3817
3835
3848
3868
3886
3900
3914
3935
3955
3974
3995
4017
4033
4055
4071
4090
4110
4134
4157
4174
4198
4217
4237
4257
4275
4295
4320
4340
4354
4378
4397
4422
4447
4463
4484
4502
4520
4538
4554
4571
4599
4620
4637
4651
4665
4690
4716
4729
4749
4772
4790
4806
4818
4836
4855
4869
4886
4907
4924
4949
4965
4987
5002
5024
5042
5061
5081
5099
5113
5131
5148
5163
5179
5199
5215
5232
5251
5271
5290
5310
5330
5347
5361
5381
5398
5421
5436
5455
5474
5496
5511
5530
5545
5567
5588
5605
5624
5637
5655
5675
5692
5709
5729
5754
5773
5792
5813
5831
5849
5866
5881
5897
5919
5943
5966
5983
6000
6022
6046
6064
6083
6107
6124
6138
6153
6172
6193
6218
6239
6253
6272
6293
6313
6335
6350
6365
6384
6401
6422
6442
6459
6474
6498
6522
6541
6560
6578
6595
6612
6628
6647
6665
6680
6699
6713
6736
6757
6773
6791
6811
6827
6842
6864
6881
6898
6915
6932
6956
6982
6999
7019
7040
7062
7078
7095
7115
7137
7157
7175
7193
7208
7222
7249
7268
7288
7305
7320
7339
7360
7374
7396
7415
7434
7455
7469
7482
7498
7514
7531
7550
7569
7587
31
44
51
59
82
87
98
110
152
159
179
187
241
313
322
387
391
12
27
38
67
78
127
197
200
265
268
279
303
309
314
340
341
343
377
391
398
7
36
46
77
169
191
195
198
256
258
277
292
335
399
16
37
53
145
152
156
183
201
272
284
308
371
39
60
61
95
96
132
172
189
222
229
251
256
263
275
318
329
371
15
25
30
52
55
77
100
101
111
134
155
158
166
170
191
218
256
293
363
365
390
14
17
23
30
35
37
42
75
85
107
135
176
188
204
234
252
285
303
308
338
342
347
349
381
2
10
16
27
28
35
48
84
86
119
122
139
146
149
201
211
231
239
267
275
302
312
317
360
368
24
42
68
88
94
99
110
114
122
164
191
215
217
299
332
359
362
373
379
389
390
48
53
81
114
145
158
163
168
186
210
226
248
286
382
399
7
45
86
89
96
110
164
178
189
207
209
229
237
246
263
314
344
392
394
22
37
43
58
61
77
88
125
128
166
172
192
202
206
214
223
231
284
309
318
325
347
363
1
52
70
73
89
109
136
183
194
195
197
233
268
297
302
303
313
336
339
359
373
381
383
386
55
64
91
101
115
118
172
213
255
274
276
319
330
337
390
6
20
26
41
42
55
70
115
141
146
148
156
171
176
187
205
213
236
244
276
304
319
340
365
384
386
395
5
20
49
110
131
169
172
203
226
256
276
307
317
319
397
3
7
37
51
116
140
149
152
153
156
168
173
206
230
232
264
267
271
273
275
286
296
369
6
64
68
77
117
127
137
178
215
217
218
234
251
289
317
319
340
373
388
23
32
68
97
106
136
150
155
173
174
203
220
236
258
269
293
295
300
372
32
101
103
164
168
180
221
261
294
303
310
314
330
334
372
373
393
14
15
34
71
88
91
99
154
181
259
315
348
375
389
395
23
45
80
86
104
108
112
170
204
206
208
220
230
235
297
312
338
353
359
366
11
33
54
56
105
125
129
130
154
156
159
210
226
243
249
257
283
296
348
355
397
6
18
21
78
99
100
118
119
120
161
168
173
200
215
219
226
235
270
292
333
342
360
368
396
399
8
28
35
52
82
84
97
110
115
142
254
274
280
317
362
364
380
5
96
114
127
128
158
246
247
253
262
280
283
308
352
359
361
394
14
31
55
108
133
153
165
168
201
208
302
306
353
365
1
7
58
76
80
108
113
132
142
183
200
211
212
282
297
298
314
377
394
7
24
45
70
73
88
117
132
144
165
192
196
217
220
253
258
266
295
340
351
354
399
63
70
73
77
89
90
118
166
204
215
222
273
302
316
323
5
6
67
68
118
123
124
192
208
256
259
313
345
353
358
362
367
385
395
0
26
39
88
114
154
156
175
192
201
217
239
261
267
305
306
337
353
359
18
19
59
80
83
176
187
189
216
242
283
291
315
350
361
395
22
34
54
69
83
101
123
147
154
188
190
214
216
235
245
290
301
311
340
367
20
33
41
92
93
96
159
193
199
204
216
245
250
261
265
290
346
390
395
6
7
24
58
69
70
79
85
90
100
108
119
150
184
205
214
250
257
259
286
301
304
315
364
378
2
57
73
118
191
192
197
229
256
274
297
311
321
357
363
380
3
6
11
16
40
43
136
138
142
157
161
171
212
249
313
331
343
362
364
366
1
51
65
100
111
147
151
195
243
285
303
323
367
370
388
4
31
60
103
105
154
162
190
219
234
237
278
334
340
376
384
388
394
37
61
77
92
141
151
173
190
194
202
223
298
309
325
332
337
355
364
370
397
14
34
66
97
107
124
159
175
191
195
217
218
254
260
276
282
293
296
346
348
357
6
8
14
54
111
186
216
225
257
289
290
299
308
353
358
360
365
376
396
11
37
54
119
154
175
194
223
250
272
288
298
305
379
384
0
46
71
140
176
190
198
210
214
264
313
320
322
324
336
349
350
357
381
10
21
28
90
95
197
226
239
274
293
295
315
327
343
347
356
357
359
375
2
44
60
66
85
97
160
164
199
207
226
249
265
306
368
369
375
50
64
81
86
119
134
163
173
241
255
256
289
302
324
340
341
343
7
9
53
56
57
74
76
94
101
149
165
201
203
204
206
271
286
324
344
368
15
55
128
134
135
136
162
198
225
267
274
326
333
377
399
47
55
82
103
152
184
209
276
277
278
280
291
318
341
359
369
0
16
38
92
105
106
107
154
173
203
208
227
229
235
247
258
286
297
315
328
336
349
356
379
398
5
12
24
89
102
127
142
159
163
211
304
325
336
337
339
340
352
361
364
3
9
48
73
92
123
145
161
181
185
190
196
214
249
279
284
296
313
333
394
22
33
42
43
88
92
102
116
133
144
151
171
208
223
233
252
256
262
284
352
366
388
5
13
14
26
49
50
86
107
158
159
167
171
172
181
218
237
300
318
319
332
334
340
369
380
22
48
114
131
135
144
161
175
186
190
206
244
285
303
305
326
344
353
389
397
36
48
60
64
83
89
158
170
185
211
221
266
275
276
328
329
344
372
376
392
11
27
35
100
117
123
176
201
250
302
337
356
360
380
384
0
32
79
86
88
91
96
114
172
176
227
229
273
281
284
327
328
329
361
379
389
397
4
39
46
57
61
64
89
158
177
180
201
221
223
224
229
252
271
298
299
317
392
4
11
40
60
90
144
222
278
300
302
307
345
372
373
393
398
68
81
89
103
133
137
156
168
181
194
205
206
269
284
294
305
338
345
355
364
29
65
78
143
150
155
163
228
260
265
293
312
322
354
358
13
17
47
57
60
67
98
128
224
250
273
278
290
319
369
372
373
398
38
63
149
174
187
207
212
214
219
223
230
234
242
254
255
269
273
275
322
344
41
46
79
85
101
125
127
143
147
157
228
229
289
301
348
367
394
395
1
30
64
93
177
178
181
189
221
228
237
262
263
300
329
334
390
393
8
17
18
30
62
73
146
162
215
219
254
289
337
345
350
363
33
35
72
75
115
120
123
127
165
216
238
266
288
305
309
331
350
351
367
395
12
14
28
29
35
78
81
108
123
135
142
153
169
170
172
183
212
218
265
274
291
327
341
352
372
377
20
44
80
83
104
115
122
172
181
185
187
199
222
258
261
264
270
276
374
387
69
98
130
151
190
205
209
222
223
231
267
279
286
289
294
341
12
28
29
36
53
68
87
90
107
127
169
195
197
234
237
255
265
276
280
312
342
351
359
360
382
48
81
101
105
109
138
162
190
196
199
205
210
242
295
336
338
374
385
6
69
108
160
202
213
234
245
255
288
295
345
350
381
387
396
27
48
81
95
120
138
142
199
206
208
237
243
259
295
322
327
340
351
359
360
2
5
11
17
29
40
97
156
181
215
228
254
288
299
317
346
352
359
364
380
389
1
23
63
70
86
131
173
175
208
218
224
277
352
386
390
35
59
66
122
123
155
158
164
166
176
203
220
222
224
235
313
324
395
21
27
32
71
100
122
124
205
208
219
238
242
262
264
287
305
356
385
9
47
62
70
74
76
113
117
131
155
179
203
205
228
229
241
265
348
390
399
0
24
50
87
103
169
187
197
242
246
250
291
300
309
325
32
33
57
71
87
90
93
167
175
178
204
231
254
263
276
288
300
301
308
349
7
24
111
116
128
148
173
198
206
225
262
274
300
301
302
305
308
316
353
379
398
6
35
46
66
101
111
119
135
159
182
187
213
253
287
342
365
392
7
10
21
47
55
59
78
87
95
109
130
154
170
262
263
303
328
351
361
374
387
390
0
73
82
83
86
95
98
128
158
177
189
207
243
325
331
334
385
8
11
20
28
31
54
59
130
140
190
243
296
299
314
316
336
355
370
10
12
29
52
57
60
62
152
169
189
218
228
234
260
277
292
321
329
331
361
398
29
35
45
61
73
83
102
108
117
127
130
219
257
260
266
294
370
379
380
13
20
59
101
102
143
144
149
182
217
225
240
252
259
270
284
296
304
324
337
342
359
379
397
34
40
51
53
54
125
126
129
161
162
166
189
199
202
205
224
243
324
352
396
34
67
83
95
103
137
144
178
198
220
221
250
268
306
309
310
315
330
363
388
390
8
48
107
108
110
124
129
138
146
147
173
175
203
215
245
286
296
337
338
342
363
384
4
45
76
86
87
93
184
189
192
198
217
277
281
283
329
366
374
385
387
4
10
25
34
59
97
114
121
165
183
197
246
248
262
268
291
306
325
328
362
394
396
18
24
41
46
77
96
111
114
122
127
191
237
262
312
319
0
64
72
87
127
152
189
227
242
264
287
307
310
322
341
343
373
391
8
20
23
101
124
159
193
194
212
232
259
282
289
304
312
319
348
373
395
5
23
35
38
58
80
119
132
146
147
150
219
285
302
330
360
384
385
5
13
19
33
48
66
74
85
91
99
119
123
191
194
196
215
216
252
253
324
348
365
385
387
52
54
90
91
126
167
169
191
197
211
217
227
247
253
260
276
279
282
335
365
383
388
396
19
39
50
62
82
93
113
144
168
171
181
186
213
221
226
288
364
368
372
21
71
114
132
148
151
187
213
219
222
272
273
285
297
309
320
368
379
384
22
39
51
74
116
134
140
156
167
186
214
229
259
282
286
292
388
18
51
126
150
160
203
207
243
247
258
270
274
295
304
319
328
6
41
51
55
73
94
109
151
167
181
182
209
253
259
282
349
362
365
21
26
27
35
70
75
90
94
122
220
233
269
299
324
335
350
367
384
388
390
396
12
74
86
107
123
131
134
155
169
173
183
187
224
233
234
252
260
268
293
302
311
314
347
352
0
8
10
15
24
94
139
175
246
261
272
275
287
317
326
357
365
373
5
38
42
84
85
97
124
135
146
161
194
254
290
296
303
342
348
369
21
115
120
146
150
170
185
207
216
245
246
317
349
365
372
379
380
27
81
103
131
139
191
196
243
246
277
311
327
360
391
8
9
25
31
56
59
96
97
104
140
182
194
198
215
217
223
225
228
304
308
318
335
348
357
391
13
14
24
69
71
112
123
176
192
213
219
226
236
238
243
269
271
343
353
379
381
16
54
84
105
129
130
140
145
152
156
179
200
201
210
212
282
345
386
387
17
28
58
81
90
143
148
165
169
173
183
190
252
266
286
298
313
321
339
350
397
13
23
29
30
36
131
136
168
169
207
267
298
314
340
377
390
7
23
35
43
47
85
100
101
135
146
165
212
221
244
285
290
320
326
337
382
23
69
76
112
127
183
216
227
239
269
312
320
339
348
355
356
386
397
96
137
155
169
207
211
228
273
339
360
369
381
382
385
387
7
8
71
79
80
97
108
135
158
171
197
227
248
258
269
273
314
327
30
33
53
58
69
70
79
101
109
115
146
188
190
206
215
235
257
290
353
354
385
386
393
396
30
41
80
94
99
111
137
165
176
204
235
236
238
246
248
264
270
272
289
324
327
347
11
22
66
92
130
133
149
156
213
217
223
250
331
338
342
365
375
92
102
106
177
191
247
253
256
263
287
292
322
344
361
394
395
396
1
17
25
52
66
69
73
90
97
98
120
237
241
260
290
291
294
302
321
347
380
11
25
49
64
84
87
141
158
177
178
194
226
231
252
270
300
308
310
348
375
376
388
22
92
94
116
140
147
152
155
162
163
172
173
185
188
201
232
244
246
284
305
323
358
369
22
72
86
88
90
116
125
133
138
146
157
166
184
188
205
223
232
243
279
296
297
355
364
384
15
56
78
81
109
113
118
142
148
237
266
277
281
288
317
327
335
354
366
380
381
4
27
28
100
104
163
166
179
182
191
212
246
295
315
345
351
362
377
393
26
54
62
125
130
151
173
179
184
186
196
201
214
267
271
311
330
336
365
384
5
47
49
105
109
155
175
193
198
237
273
274
306
333
334
335
341
370
381
6
49
56
70
85
111
119
122
155
216
231
236
244
253
256
261
319
346
352
365
394
12
18
37
49
118
180
190
192
202
205
206
224
226
287
296
346
364
370
378
17
62
93
121
124
149
169
232
238
249
287
321
322
338
368
37
74
76
94
130
141
157
164
179
189
196
209
210
232
286
291
304
312
316
328
340
345
382
7
110
113
141
153
172
178
200
204
207
210
213
274
286
293
310
331
336
339
348
16
44
88
105
114
116
129
143
145
149
159
160
162
202
214
264
290
296
324
325
327
330
353
397
14
40
128
138
139
145
146
151
164
185
190
222
242
335
349
369
371
24
27
37
52
70
76
131
153
177
200
201
228
268
287
297
310
317
384
391
395
63
66
91
117
140
146
152
158
159
181
196
206
216
230
240
271
291
353
28
54
56
61
91
93
103
162
182
208
230
232
275
291
306
309
359
366
373
377
383
389
398
3
9
53
116
140
141
156
158
162
266
271
286
296
313
315
324
325
329
339
387
7
14
68
94
100
111
112
119
123
130
141
143
147
152
235
246
290
302
369
33
38
66
94
100
129
146
213
223
235
238
248
269
282
324
397
14
84
104
117
131
150
155
175
197
230
232
238
246
285
312
319
350
356
361
7
16
48
65
91
125
137
140
150
157
162
214
232
239
251
271
18
35
63
100
106
112
148
149
151
165
169
180
182
220
259
285
324
353
363
387
393
38
40
54
72
104
107
133
141
150
157
166
192
198
227
249
267
324
357
0
3
16
50
89
98
116
129
143
146
156
198
204
208
210
237
245
291
303
314
377
381
16
26
70
139
142
188
240
254
271
279
313
321
339
343
352
354
20
22
31
33
39
43
51
86
186
215
231
233
293
307
309
316
378
388
5
18
63
79
81
109
121
129
134
135
148
156
234
266
277
280
292
297
321
343
354
388
3
14
16
22
31
62
77
105
116
125
145
152
155
163
168
200
206
210
238
249
271
284
285
292
293
308
320
344
37
66
130
138
149
151
161
168
214
243
375
397
5
9
25
55
57
60
79
87
122
128
143
145
231
248
275
278
309
334
368
373
378
380
0
22
34
41
52
55
85
99
140
143
215
259
293
312
338
363
371
394
395
46
75
106
140
176
207
240
251
310
322
379
23
37
53
56
92
111
157
185
186
195
233
238
243
250
258
267
284
311
316
323
375
390
39
49
68
74
92
129
140
144
145
149
163
170
214
232
271
296
318
355
368
9
47
52
63
129
132
156
162
176
210
212
226
283
310
314
315
382
392
8
10
19
46
79
138
141
211
222
223
231
255
262
289
299
308
310
318
334
374
393
26
28
48
69
96
117
119
124
150
183
189
203
210
212
223
237
266
271
280
360
377
5
11
29
79
92
130
132
151
196
271
291
292
332
353
55
83
102
105
107
181
191
202
217
222
261
285
287
297
317
344
364
376
390
9
16
19
23
26
62
103
118
156
157
176
210
257
266
286
315
350
2
15
70
73
82
89
102
109
117
118
121
137
150
209
216
228
264
277
278
280
293
302
304
366
5
21
57
70
86
112
162
189
193
197
229
235
253
272
275
303
310
333
374
394
14
37
54
55
103
122
177
209
240
247
257
261
263
264
289
295
310
315
343
344
360
4
11
13
15
55
59
70
71
129
139
185
217
239
290
315
323
330
363
365
16
18
23
40
47
51
78
84
94
109
117
129
133
185
192
195
205
224
240
250
316
335
18
65
189
193
208
224
242
244
247
282
309
322
380
388
31
41
43
56
78
83
94
110
134
148
178
221
242
243
282
301
307
330
331
375
6
14
32
44
58
59
79
115
124
160
163
168
187
236
258
267
272
340
349
60
67
87
126
128
142
171
191
192
193
194
246
262
288
301
318
328
330
346
392
10
17
67
83
93
128
139
175
222
231
243
245
266
278
282
300
301
318
378
393
0
81
116
132
133
138
205
215
240
246
263
277
288
340
345
369
381
19
60
136
150
182
215
218
228
248
256
274
292
303
312
326
332
335
344
358
365
380
385
20
53
55
62
67
71
77
103
107
143
167
183
213
253
255
282
293
304
342
85
91
107
114
132
144
150
180
185
200
229
231
268
335
341
358
384
394
3
12
27
70
96
109
117
120
165
181
197
255
265
268
281
297
302
316
321
342
343
353
360
381
386
390
35
50
95
130
133
191
220
229
230
234
237
243
260
293
328
335
339
348
352
354
366
378
53
57
71
112
129
141
161
172
173
182
192
214
231
286
293
305
307
320
339
353
371
378
382
398
9
42
56
103
105
133
154
161
198
238
272
329
362
0
14
32
65
71
82
85
104
109
176
241
245
246
258
280
281
309
325
350
374
390
6
33
123
129
130
153
196
201
233
243
269
313
318
320
336
351
355
358
359
4
10
32
67
87
89
92
95
98
138
165
170
174
221
224
247
290
365
383
33
39
40
44
53
56
72
74
88
117
123
136
141
204
223
270
305
311
361
379
2
5
8
36
41
97
101
102
113
126
132
167
177
184
239
255
260
277
317
366
367
11
28
30
31
36
95
115
136
151
173
177
185
212
226
279
319
355
34
99
134
170
174
177
199
212
232
235
237
246
294
306
310
315
318
333
340
12
40
43
62
99
101
111
114
128
177
202
217
280
284
324
358
396
2
12
38
41
73
161
173
239
255
260
261
266
274
291
326
327
359
366
387
28
53
74
101
113
133
138
143
166
188
229
251
257
267
274
312
338
345
369
1
12
36
45
73
82
96
102
122
148
170
183
218
255
256
260
276
311
391
2
44
49
84
93
95
114
134
151
152
186
200
237
254
261
274
312
333
34
46
71
74
76
92
193
219
241
264
270
308
379
1
23
27
116
139
142
156
182
198
209
214
239
254
258
303
345
351
353
369
381
3
7
26
31
48
58
60
116
129
133
142
188
220
226
263
272
296
396
11
40
75
92
136
140
167
194
212
242
265
316
361
396
15
18
48
51
79
81
94
106
165
209
236
261
263
347
6
21
29
34
48
83
124
139
152
190
226
229
285
305
314
331
352
360
363
377
399
14
35
62
72
74
80
81
92
130
136
173
179
219
223
227
307
309
342
362
388
11
16
21
48
56
62
76
84
123
136
143
156
224
258
278
296
338
363
371
10
46
65
87
106
112
118
121
139
160
216
226
242
248
249
264
269
337
353
374
381
21
26
30
51
54
76
78
80
144
152
174
222
231
242
270
273
279
281
333
336
356
379
10
50
72
107
138
169
171
200
203
214
234
239
245
250
332
366
9
22
44
74
116
138
139
152
156
163
165
168
212
221
232
248
249
250
288
293
331
346
7
27
52
57
102
121
164
243
268
295
311
323
337
341
357
379
27
37
65
70
99
116
119
132
163
165
192
193
202
210
274
295
296
340
351
13
14
75
85
103
104
115
125
139
147
181
236
260
290
293
325
348
353
376
396
11
33
35
44
53
65
105
133
140
149
157
162
185
200
209
228
278
280
303
316
339
350
365
369
8
17
23
29
68
77
94
101
114
123
154
159
179
180
225
242
256
310
313
335
342
365
387
32
33
34
42
69
101
112
120
135
143
169
207
235
282
318
379
396
8
17
28
31
41
91
95
102
114
125
167
172
194
223
225
233
260
274
276
280
312
320
339
365
5
17
41
55
70
78
89
180
197
244
258
259
290
312
329
339
341
343
393
23
39
65
68
80
90
100
104
115
199
205
230
258
262
285
299
362
367
383
387
18
21
28
79
93
108
150
184
201
238
258
270
273
292
336
356
357
384
385
387
19
57
60
67
93
103
119
175
189
210
270
278
294
295
337
364
374
398
4
29
61
71
72
79
104
141
164
167
178
208
243
288
294
296
303
342
373
376
11
40
43
54
60
65
72
114
125
130
147
164
165
190
205
217
224
231
272
277
305
306
336
372
377
60
64
78
79
92
109
136
173
174
189
206
223
233
236
309
355
371
378
396
398
42
49
84
91
114
215
217
272
276
342
355
369
375
397
9
15
22
23
45
46
103
115
128
136
163
192
201
204
207
229
254
294
300
310
333
336
339
347
51
59
98
102
120
122
151
205
229
233
246
248
251
294
296
303
315
356
399
63
66
67
77
81
89
114
121
142
169
180
214
247
264
265
280
311
323
328
333
341
343
352
368
399
4
10
36
51
59
60
66
81
105
170
182
184
196
204
226
227
242
256
288
329
330
367
376
382
387
16
21
65
143
144
148
184
219
235
239
245
258
284
352
368
379
7
11
72
83
128
135
154
158
164
178
182
185
208
223
300
307
317
352
372
373
376
16
99
129
130
137
138
144
148
149
162
193
210
236
277
279
292
323
379
12
54
108
109
154
161
188
217
224
227
237
245
267
305
320
327
364
386
6
17
39
65
73
75
89
109
155
184
209
239
278
346
351
352
354
399
21
23
33
51
79
123
124
146
147
170
193
216
230
350
369
384
14
18
115
124
135
176
203
213
224
232
244
248
253
331
374
386
395
10
39
55
67
73
76
97
127
131
134
152
165
184
193
198
233
253
311
323
340
341
346
351
352
380
389
391
399
69
80
115
124
137
147
148
156
161
186
220
275
281
310
311
334
349
350
368
381
391
7
31
45
120
149
172
191
195
200
209
230
234
282
305
313
319
392
91
143
153
160
171
173
179
254
276
279
332
336
378
383
0
47
81
127
187
199
242
287
296
328
335
341
366
381
32
65
74
80
82
98
141
174
175
202
207
208
215
229
241
247
248
263
283
306
315
328
357
376
381
22
38
76
87
88
92
106
113
115
130
157
161
175
178
184
188
211
222
254
284
287
307
330
355
360
382
14
56
119
129
135
174
218
236
288
324
336
367
384
33
34
75
94
112
152
178
187
209
230
233
256
258
273
345
350
352
353
367
381
10
25
82
96
110
112
113
124
129
132
146
148
177
179
187
193
227
251
306
318
324
364
379
25
51
102
106
126
171
174
189
228
242
254
263
273
287
315
322
339
349
9
96
122
124
147
158
180
207
210
227
236
242
299
350
374
382
22
37
46
53
137
151
156
207
210
307
322
335
34
35
43
58
64
82
93
125
161
173
209
210
292
334
350
356
369
392
4
17
149
160
196
227
246
262
263
264
291
298
314
328
333
344
357
376
392
6
54
60
91
101
109
117
128
275
291
308
333
371
378
25
28
85
101
102
107
126
135
170
181
236
237
257
261
324
373
385
24
41
65
68
77
83
111
153
198
200
226
240
243
247
255
256
282
290
332
380
386
13
47
65
73
75
164
181
183
191
195
197
254
280
289
302
366
393
2
4
5
15
30
36
47
54
126
135
180
197
215
229
245
254
277
294
324
326
335
359
386
390
398
22
35
42
90
123
168
171
196
253
275
292
304
331
338
355
390
2
18
28
51
71
106
122
161
176
187
200
206
218
219
220
230
245
269
331
338
339
372
20
30
35
76
91
99
105
107
150
159
218
311
329
346
378
41
63
89
90
102
109
127
184
191
195
197
213
217
277
281
297
298
341
343
369
389
391
19
31
34
71
110
135
167
171
195
198
203
253
291
304
310
332
371
375
25
54
67
80
84
86
96
97
164
177
219
251
268
278
299
300
310
330
372
4
10
67
83
86
126
171
179
201
203
242
247
251
276
298
314
321
333
346
383
16
44
71
80
98
124
140
169
171
199
207
228
251
300
344
347
367
368
1
34
46
63
70
73
81
183
202
228
276
297
314
388
28
57
69
90
117
131
145
155
165
168
178
195
274
280
318
331
334
366
7
16
31
49
72
118
133
151
161
176
196
233
286
340
351
360
363
1
12
93
96
109
142
182
183
211
262
333
339
340
354
359
18
62
65
108
115
120
122
147
188
207
258
271
322
344
368
385
23
71
91
106
124
128
190
199
208
220
221
285
287
302
306
322
349
352
373
385
16
48
60
115
133
143
145
149
153
156
162
165
166
269
281
285
3
43
104
110
124
170
176
186
201
223
225
296
307
310
330
390
397
16
29
59
64
65
104
121
122
134
208
220
245
247
281
285
309
361
381
398
13
24
36
45
49
70
84
106
134
139
180
195
196
198
212
217
266
335
359
393
4
7
16
57
65
110
144
158
170
238
252
257
330
335
347
358
367
373
397
13
14
15
41
50
57
71
73
83
102
197
217
225
240
263
265
289
298
339
376
2
50
78
89
95
113
131
155
169
179
191
223
232
256
260
329
357
365
375
380
39
50
61
64
158
169
178
206
214
221
234
262
287
301
371
372
393
1
53
72
102
130
153
192
208
232
240
292
327
368
386
24
25
50
73
155
165
169
187
194
214
217
228
255
266
315
334
347
357
377
389
59
95
131
183
187
208
238
260
271
273
302
317
335
339
356
382
394
27
41
99
102
105
107
116
147
174
175
178
181
216
239
254
308
319
337
338
342
348
353
396
22
25
32
95
163
242
286
315
323
328
347
354
374
382
387
3
11
53
54
59
62
91
129
156
161
194
230
243
309
320
328
364
368
393
6
38
56
100
104
119
148
150
156
167
204
219
270
271
273
294
311
313
349
9
16
35
48
51
72
94
105
117
138
139
145
168
185
267
283
324
334
339
345
396
399
80
85
98
110
126
136
137
142
167
241
243
247
270
278
315
43
69
75
77
83
103
131
177
179
210
222
229
244
298
308
324
328
333
380
17
42
47
66
68
72
99
124
164
171
255
276
304
318
365
33
34
42
64
111
119
123
127
140
146
172
189
213
218
254
304
324
342
363
371
384
395
32
50
70
82
96
127
138
143
144
152
166
195
251
252
261
300
301
309
325
373
376
2
23
89
105
126
155
156
166
180
220
232
250
257
279
316
320
375
5
18
41
45
63
109
139
154
156
159
169
181
184
185
210
213
307
358
390
19
62
72
90
127
193
221
222
226
227
256
285
372
18
28
45
74
75
76
106
132
171
211
212
221
311
323
327
382
385
397
16
22
41
53
88
91
94
111
130
136
140
145
162
201
206
212
222
227
241
272
12
21
27
36
51
104
130
142
155
167
183
260
265
303
317
359
372
27
40
43
60
117
118
251
260
263
276
288
318
325
367
388
392
399
8
42
60
77
88
108
164
219
248
262
300
301
327
355
362
363
364
375
378
398
18
55
61
67
82
83
84
128
178
226
231
262
264
291
299
311
318
362
366
370
373
382
388
393
396
33
35
66
83
84
175
177
178
278
291
299
308
310
318
324
333
371
373
383
7
12
26
29
47
58
61
84
100
109
127
146
169
183
255
270
281
340
391
1
6
12
19
38
56
86
111
152
170
180
200
214
222
227
297
311
323
354
389
394
14
35
52
91
99
106
114
138
169
181
257
261
289
290
332
358
379
384
31
43
56
62
69
80
84
129
185
190
204
223
233
239
355
364
371
385
26
31
46
93
96
134
144
193
223
242
246
270
328
329
338
343
374
15
61
98
154
175
185
205
231
243
249
272
293
316
356
385
3
6
25
42
83
84
114
128
156
164
199
252
282
288
301
373
1
11
40
69
82
93
104
144
154
158
174
187
205
224
273
284
291
329
352
364
375
398
19
93
98
128
139
142
160
163
164
170
171
193
215
226
238
261
262
272
301
311
321
358
370
383
33
36
109
113
133
161
190
197
211
228
237
238
259
285
295
300
303
310
321
333
350
364
389
7
21
63
73
97
99
120
138
148
159
180
196
198
217
218
326
356
0
12
30
37
44
53
79
117
145
153
188
215
239
285
322
333
337
1
10
19
27
88
109
118
122
152
163
204
251
263
265
323
341
349
351
354
368
382
390
20
32
35
45
51
93
132
145
163
168
171
172
193
227
242
247
280
283
287
318
323
344
349
374
29
84
88
138
154
161
173
183
202
214
292
307
325
359
362
370
378
380
7
15
17
24
60
77
110
112
131
142
167
191
231
281
297
332
366
367
389
4
11
50
55
114
162
164
177
178
188
193
216
246
266
289
298
300
301
315
347
362
364
369
392
13
14
15
17
55
64
97
99
106
135
148
192
239
282
326
335
355
44
104
119
120
156
185
188
217
233
284
292
330
368
369
36
89
117
127
137
153
155
183
263
310
311
323
382
389
391
0
44
63
65
76
98
126
137
160
174
247
249
269
270
313
345
356
374
379
29
38
129
161
172
211
228
232
237
283
295
303
314
315
321
335
336
354
361
387
389
44
47
48
79
91
92
101
108
124
140
145
147
150
151
194
244
246
253
256
286
288
290
301
352
364
11
40
52
82
87
96
140
145
187
213
291
298
316
334
346
347
352
372
375
393
395
49
56
110
119
180
195
256
312
319
332
348
365
389
390
45
59
70
76
113
122
124
131
140
195
233
279
295
299
336
343
345
383
385
51
57
59
86
96
106
138
177
184
228
241
242
251
283
284
288
306
354
376
393
399
4
57
59
67
89
95
145
186
218
229
259
277
306
309
337
339
344
361
374
392
13
19
93
100
133
140
172
175
177
229
243
262
272
275
320
366
372
375
379
381
382
397
37
69
87
89
125
139
175
204
210
236
257
258
266
339
356
8
40
55
166
180
209
240
254
261
304
317
326
346
362
399
23
49
53
134
170
193
198
208
226
228
251
252
263
268
288
301
311
313
356
19
39
55
67
87
134
158
164
238
250
266
280
286
325
370
376
383
2
102
108
114
131
134
141
173
180
182
184
215
241
249
256
274
275
281
319
323
341
12
44
51
52
74
88
133
139
188
208
220
223
226
240
244
323
327
360
381
399
13
31
40
52
58
68
91
94
119
207
211
221
282
313
329
365
395
6
21
62
74
94
125
137
159
196
206
257
258
282
306
367
12
52
117
120
121
139
145
153
184
185
214
217
218
226
247
258
268
276
281
286
329
331
377
389
1
14
17
28
33
39
47
52
55
76
118
138
176
179
193
212
237
267
268
302
342
358
361
391
1
47
50
70
72
98
134
182
211
218
228
237
241
260
314
335
347
357
359
6
23
73
85
91
94
111
125
181
183
205
215
222
225
282
290
340
363
389
1
37
45
47
98
115
153
155
171
183
218
228
260
306
327
359
367
389
10
48
56
57
65
126
156
167
171
180
251
264
269
315
329
346
387
30
61
62
68
75
116
132
138
179
196
200
245
286
322
327
369
383
34
41
77
135
136
177
210
234
237
259
263
325
332
344
363
388
6
11
45
109
124
127
203
226
264
275
280
283
318
325
341
374
378
383
394
20
22
41
66
81
99
101
111
114
120
128
139
184
213
282
326
358
395
6
44
51
83
107
112
141
176
238
247
270
285
314
315
368
32
44
68
69
75
108
117
148
168
187
214
235
238
245
248
250
311
364
387
28
69
73
76
86
132
188
200
212
234
237
267
314
399
25
52
54
70
77
78
92
109
135
153
184
204
228
230
231
234
237
245
270
309
324
325
385
21
26
30
31
42
56
84
115
123
140
143
150
166
183
185
200
207
213
245
282
384
28
63
123
131
153
155
184
234
268
283
303
314
323
328
379
399
22
40
62
88
120
130
162
188
192
224
225
243
257
299
305
319
379
398
45
51
58
80
120
148
208
220
227
250
281
307
312
322
331
333
368
377
379
397
36
41
44
45
110
114
151
211
220
242
251
277
280
341
363
371
30
42
63
129
180
182
188
194
275
293
304
310
340
348
365
8
12
21
25
31
45
50
73
76
77
91
144
188
195
256
268
274
297
316
341
343
380
7
23
42
58
73
76
100
113
121
165
171
183
204
243
267
336
398
25
32
52
59
86
89
126
148
190
202
273
323
329
340
373
379
389
8
24
30
37
96
107
132
186
205
219
299
300
316
318
332
372
398
5
11
36
68
93
94
150
159
172
204
206
267
290
299
342
346
357
24
35
37
40
52
62
77
103
130
136
167
221
233
246
284
299
305
309
311
318
324
350
380
397
5
14
26
42
85
101
102
107
110
112
125
133
135
172
180
189
214
215
217
277
289
326
337
358
367
376
21
37
54
95
131
144
169
184
191
195
209
241
255
266
300
317
330
30
33
38
66
69
108
191
219
229
244
245
264
275
298
317
338
343
365
370
385
7
23
46
48
103
104
137
158
162
228
230
238
264
269
279
284
314
320
349
356
374
16
46
50
55
64
111
121
129
141
146
179
196
200
214
225
235
250
260
318
320
345
386
38
40
88
90
134
136
300
310
316
334
367
371
373
387
388
392
3
4
141
159
185
206
224
252
261
278
290
301
305
357
370
379
391
18
19
57
61
64
70
103
112
223
231
258
262
278
294
297
325
330
362
376
383
8
12
17
19
61
64
98
99
110
144
158
222
231
253
270
275
291
300
301
308
361
370
71
74
86
95
164
170
187
207
221
236
248
283
306
315
322
329
347
368
387
398
20
45
46
125
128
157
161
175
225
261
277
292
299
309
325
330
384
387
39
42
57
128
167
213
222
229
231
242
251
276
291
328
334
365
372
386
1
27
49
70
118
132
144
152
165
204
223
280
339
356
399
35
136
154
158
178
184
185
224
240
252
259
299
316
347
8
43
51
59
84
90
91
104
112
115
160
190
199
208
211
216
230
232
246
304
322
330
354
355
356
361
371
24
36
55
58
77
90
112
127
131
158
174
180
237
254
277
288
316
359
364
6
12
44
75
115
121
131
134
152
179
183
200
207
238
241
242
245
273
330
336
9
73
119
121
138
163
185
229
243
248
281
283
295
300
314
321
330
12
102
144
189
219
240
263
301
310
327
334
345
347
372
394
14
39
43
58
94
100
104
108
130
133
142
182
220
235
244
290
304
353
375
30
74
80
87
95
100
101
121
123
180
220
253
269
270
295
305
307
327
352
367
397
12
14
78
116
120
123
183
233
236
254
256
279
369
376
0
71
75
86
95
101
116
121
145
150
195
215
219
220
229
283
323
344
350
370
374
375
17
38
39
54
93
102
105
108
128
154
155
174
205
265
298
300
346
370
396
8
20
56
59
77
144
237
260
280
303
311
317
321
323
326
339
342
343
361
5
8
13
34
67
78
81
86
93
108
118
161
167
183
187
256
257
272
293
314
326
0
1
98
113
114
142
197
237
238
260
302
321
340
371
10
57
60
85
163
177
239
250
251
298
318
329
370
19
61
67
123
132
150
164
178
218
255
274
278
284
300
325
328
10
25
27
39
53
66
96
126
135
159
170
182
281
303
347
383
14
20
30
32
34
66
69
79
99
126
142
159
236
290
325
337
348
23
42
75
92
96
102
108
123
126
194
201
202
213
216
224
282
286
300
388
15
22
40
56
59
91
117
120
140
147
157
225
272
275
295
330
356
364
385
1
51
61
64
84
89
144
185
221
224
256
273
299
309
355
360
362
374
2
9
23
28
49
81
204
227
228
234
237
286
298
328
332
336
351
354
377
