AdjacencyGraph
200
3702
0
17
32
47
65
80
100
121
140
158
177
196
216
237
253
278
294
313
330
347
364
378
397
415
433
451
472
492
507
529
548
567
584
603
623
643
665
679
702
714
730
748
770
787
809
825
846
865
884
901
920
934
954
971
987
1007
1030
1046
1063
1078
1097
1111
1128
1147
1168
1187
1204
1221
1237
1253
1270
1283
1306
1322
1342
1362
1377
1394
1415
1429
1445
1467
1483
1501
1513
1528
1546
1572
1586
1612
1631
1652
1674
1691
1711
1733
1753
1772
1787
1806
1825
1846
1870
1894
1912
1927
1944
1962
1979
2000
2023
2039
2058
2077
2098
2120
2141
2160
2179
2199
2219
2238
2254
2273
2294
2315
2333
2350
2370
2389
2410
2431
2447
2468
2487
2503
2522
2546
2562
2577
2594
2620
2637
2660
2677
2694
2714
2734
2751
2772
2797
2815
2832
2853
2872
2891
2912
2931
2951
2967
2984
2998
3014
3034
3056
3078
3093
3111
3128
3144
3158
3181
3202
3223
3239
3253
3266
3284
3303
3326
3338
3362
3383
3401
3416
3435
3454
3468
3490
3504
3522
3541
3562
3583
3606
3623
3641
3657
3671
3689
1
16
31
44
48
51
59
82
87
98
107
110
132
156
159
185
187
0
6
11
47
74
92
113
126
129
158
168
180
187
195
199
11
12
25
46
57
77
82
83
142
145
156
178
191
193
198
6
23
24
63
71
77
84
85
88
91
94
111
128
129
136
163
179
181
17
28
46
72
77
88
92
131
151
152
160
161
168
173
184
11
15
25
29
30
35
55
77
84
91
100
101
109
111
116
129
170
177
178
191
1
3
14
17
23
26
30
35
42
75
85
107
108
111
115
135
141
158
176
188
190
10
17
25
27
56
60
66
74
75
89
96
126
135
138
159
166
170
182
190
17
24
42
57
68
88
94
99
110
114
122
129
140
152
155
170
186
191
22
32
33
34
39
42
57
69
73
101
112
120
135
140
143
144
163
167
194
7
28
31
47
50
60
72
73
76
77
86
89
91
96
110
128
178
184
189
1
2
5
76
79
81
88
93
102
108
114
122
143
157
166
177
178
180
182
190
2
18
29
40
51
60
71
78
94
106
119
122
130
134
139
142
149
169
176
187
188
49
55
64
74
76
91
101
106
115
117
125
129
157
172
185
196
6
20
41
42
55
64
83
86
100
101
103
109
115
118
146
148
154
157
162
164
171
176
185
187
197
5
20
24
37
49
57
62
99
110
157
172
178
185
186
190
195
0
19
27
43
44
65
93
96
98
126
133
137
139
140
160
174
182
192
195
4
6
7
8
29
41
62
65
68
77
88
95
105
137
155
157
181
12
23
32
40
45
68
97
105
106
116
118
139
150
171
174
183
195
16
40
45
48
51
53
58
70
78
80
120
131
140
148
161
163
166
14
15
34
54
67
71
91
99
103
111
136
159
170
181
23
31
40
45
48
58
80
86
104
108
112
141
144
154
168
169
170
188
189
9
28
50
55
69
82
102
105
114
122
136
149
170
177
178
185
190
193
3
6
18
21
37
39
43
70
78
88
99
100
119
120
134
142
144
161
3
8
15
35
43
61
62
76
82
90
97
110
115
117
128
148
151
157
2
5
7
28
38
41
52
61
76
90
96
114
116
133
134
138
153
156
160
168
175
6
36
38
43
48
76
100
101
104
114
115
119
141
142
148
150
152
166
167
195
7
16
48
80
90
102
106
116
142
143
165
183
184
189
190
4
10
22
25
30
53
82
90
96
110
112
124
130
131
140
146
148
176
177
184
187
193
5
12
17
41
43
47
48
55
63
67
77
86
87
89
128
134
180
196
197
5
6
28
45
67
68
80
94
103
123
124
127
145
147
154
165
172
178
195
0
10
21
42
53
88
100
114
125
138
153
154
155
158
172
178
187
9
18
37
59
61
80
81
102
103
113
117
119
134
136
166
168
176
187
189
9
34
63
64
66
69
71
78
101
102
108
120
123
144
145
147
149
155
166
197
9
20
33
41
44
56
63
72
93
96
103
123
129
141
149
153
159
164
193
199
5
6
24
36
58
67
69
79
85
86
93
100
108
119
136
142
150
154
162
184
185
186
26
35
42
52
78
123
129
130
162
171
181
184
188
197
15
23
32
44
46
47
68
69
73
75
78
81
108
115
125
132
144
148
149
156
166
187
190
25
26
51
65
74
81
100
111
113
145
147
192
9
23
41
42
64
75
96
102
108
123
126
163
173
183
194
198
12
18
19
21
43
51
61
79
93
108
127
132
150
152
156
164
173
197
14
17
25
29
34
39
54
56
66
88
93
97
107
116
117
124
155
159
163
173
185
191
6
8
9
14
31
36
39
55
63
105
109
111
127
138
154
165
179
16
23
24
26
29
40
45
53
71
74
78
91
106
120
124
127
133
141
155
180
185
199
0
16
34
37
46
71
75
94
120
130
141
151
158
173
176
198
18
19
21
30
43
51
52
55
56
80
97
113
128
129
140
152
161
166
174
193
198
2
4
37
44
53
66
70
73
85
97
110
122
129
141
145
149
153
160
199
1
10
29
37
50
51
59
66
98
113
131
141
145
156
170
173
178
182
196
0
19
21
26
27
29
58
97
99
120
142
148
155
159
175
180
198
13
15
53
55
69
76
93
100
105
116
135
156
158
161
172
175
177
179
198
10
22
47
55
60
62
82
90
93
149
167
168
185
193
0
12
19
38
40
45
47
68
92
100
106
107
131
133
136
140
141
144
171
195
25
36
45
61
85
101
102
107
118
126
127
130
135
143
153
170
181
19
28
31
43
46
49
92
93
96
113
165
187
188
192
193
196
20
41
64
66
77
93
99
101
103
111
114
120
125
140
163
165
175
186
194
197
5
13
14
22
29
42
45
49
50
71
86
107
114
128
157
159
163
167
171
172
181
186
187
7
34
41
45
67
72
77
79
84
135
153
164
177
179
184
186
2
8
9
15
60
72
82
89
92
102
116
121
137
150
170
185
196
19
21
35
48
65
94
100
123
125
128
162
164
168
176
199
0
32
47
61
79
86
91
92
96
114
131
135
140
152
166
170
172
176
196
7
10
12
50
57
107
120
125
138
149
168
171
186
195
24
25
32
40
52
59
71
86
89
126
140
148
152
155
170
192
196
15
17
24
50
77
97
110
112
142
145
153
166
167
168
170
181
186
190
191
3
29
33
34
42
64
84
95
103
109
111
117
119
123
128
130
146
162
164
172
189
13
14
33
39
54
63
75
85
104
115
116
118
131
147
154
161
173
181
198
16
17
38
58
72
73
113
117
122
139
142
143
152
169
174
187
196
7
33
41
46
47
54
79
85
95
101
103
105
143
145
147
164
194
20
29
30
35
56
91
92
99
107
127
150
159
169
185
194
196
8
17
18
30
37
51
80
84
88
105
117
125
142
146
151
152
9
22
33
35
37
49
75
78
95
96
103
104
115
120
123
132
145
19
23
46
98
104
132
137
139
141
151
169
183
192
3
12
20
33
43
44
55
61
80
102
104
115
122
151
153
156
165
172
181
185
187
192
199
4
10
34
56
57
65
100
126
136
139
151
156
167
171
180
196
9
10
37
46
65
81
87
106
112
113
121
125
131
139
140
151
154
158
160
192
1
7
13
38
43
80
85
86
98
105
110
111
126
131
133
136
137
167
170
180
6
7
37
39
44
64
69
80
83
108
149
156
158
160
163
10
11
13
24
25
26
49
82
86
106
155
157
177
180
182
189
198
2
3
4
5
10
17
29
54
56
62
88
97
98
100
109
117
128
167
170
181
194
12
19
23
33
36
37
43
69
87
88
89
96
118
136
11
35
40
56
59
66
103
116
122
123
130
144
171
176
183
195
19
21
27
30
32
45
68
71
74
75
100
101
113
118
122
124
127
132
142
149
151
191
11
32
37
38
73
96
113
118
122
124
131
134
147
180
192
194
0
2
22
24
28
50
57
76
84
87
113
128
168
172
173
178
187
191
2
14
75
103
117
118
120
123
134
136
178
180
3
5
56
63
68
82
93
94
119
150
159
162
164
172
173
3
6
35
46
52
64
66
74
101
109
111
116
119
135
154
159
182
187
10
14
21
29
35
55
59
61
74
76
87
89
92
95
108
123
129
135
142
156
168
170
172
184
191
192
0
29
73
78
82
86
95
98
115
127
145
171
177
189
3
4
8
11
17
23
31
41
68
77
78
90
94
101
109
113
114
123
148
156
159
176
178
179
180
195
7
10
29
57
61
78
86
91
98
107
116
132
148
161
187
189
190
193
196
24
25
27
28
50
88
93
98
132
140
151
153
155
160
165
170
171
173
190
193
194
3
5
10
13
20
43
59
67
89
101
102
125
130
140
143
155
162
179
182
183
192
198
1
4
51
53
57
59
67
86
93
96
106
113
123
134
140
177
182
11
16
34
35
40
41
49
50
53
54
84
90
92
95
116
129
136
137
169
198
3
8
12
30
44
58
84
88
104
107
108
110
119
124
125
143
146
147
149
164
188
195
17
63
66
69
86
87
93
98
120
127
128
134
155
156
166
189
192
193
196
198
7
10
16
25
28
34
39
53
59
69
78
81
92
97
114
121
136
152
168
18
24
41
45
46
48
62
77
96
111
114
122
135
157
191
0
16
47
70
74
77
87
89
90
95
99
113
114
121
131
133
151
180
189
8
15
20
23
48
54
67
98
101
103
105
122
124
157
159
162
163
193
194
5
14
23
26
31
35
38
49
51
58
72
77
80
119
127
137
142
146
147
150
164
5
9
13
14
26
33
52
54
66
80
85
88
91
99
109
112
117
119
123
127
130
156
191
194
11
22
27
32
33
39
52
57
71
91
109
111
121
126
131
133
148
155
161
163
167
184
185
191
14
20
30
32
34
54
63
66
69
79
83
99
108
118
125
126
131
159
21
26
64
69
70
71
94
114
140
142
148
152
164
172
187
17
18
22
42
49
66
68
74
99
107
109
110
124
162
171
185
196
12
13
18
27
43
51
73
76
92
124
126
127
133
150
157
160
162
195
0
6
41
51
52
55
60
67
89
94
105
109
141
163
167
181
182
6
11
21
33
35
37
39
40
75
86
94
103
122
123
129
130
139
145
164
165
184
5
14
42
63
77
85
88
101
102
105
107
110
112
120
125
135
145
155
165
172
175
180
189
0
8
10
15
24
28
46
62
74
94
105
109
153
173
175
181
3
5
6
20
38
42
54
63
74
85
97
102
117
124
135
146
149
157
194
9
21
28
62
73
101
109
115
120
128
140
141
146
149
150
170
188
192
199
1
32
38
45
47
53
65
73
80
81
82
88
92
98
133
134
136
158
173
174
184
8
11
22
25
26
31
54
55
59
88
96
97
98
104
155
162
173
178
179
182
194
198
6
13
14
24
26
37
64
69
71
87
112
118
123
132
139
140
142
154
158
166
176
5
18
25
27
41
49
57
64
79
85
89
93
129
140
159
165
181
189
194
13
24
32
41
63
65
68
77
83
101
111
128
133
139
163
178
183
186
198
14
18
52
64
78
80
81
83
103
115
124
135
140
148
176
183
192
193
195
197
12
23
26
32
35
63
84
85
94
100
101
122
125
135
142
143
146
175
188
197
9
19
23
33
43
44
48
54
60
69
83
95
109
112
130
131
138
139
163
57
73
96
98
102
125
127
129
137
140
149
152
156
158
171
173
8
11
12
22
46
65
71
79
80
81
97
99
108
119
131
135
139
152
171
30
33
34
36
39
58
63
69
79
83
86
88
92
101
108
115
127
144
146
154
182
28
30
41
43
80
81
94
99
105
106
111
118
130
132
137
141
144
151
152
176
190
13
31
37
54
58
60
68
73
91
94
103
109
119
121
148
163
180
196
1
7
16
39
52
61
72
74
102
103
106
130
133
177
178
184
191
30
40
42
43
52
67
80
87
95
100
101
106
121
123
139
145
160
163
167
180
3
10
24
29
45
55
58
63
77
82
95
112
117
168
174
180
184
190
193
1
3
5
8
13
34
36
45
46
86
93
108
116
121
134
136
167
175
178
181
187
12
28
36
44
52
63
79
91
101
108
120
124
126
147
150
157
164
178
188
194
197
4
19
28
47
51
59
64
73
74
81
98
102
103
120
122
136
0
37
40
69
70
80
89
90
115
124
137
138
141
143
147
148
149
158
166
174
198
16
25
43
51
74
98
102
106
113
117
126
136
141
152
167
171
174
184
189
12
23
25
29
32
81
83
92
95
113
129
136
156
190
192
197
6
7
9
49
52
56
59
85
86
97
109
111
118
119
122
153
157
178
197
3
20
22
32
35
51
72
74
78
83
93
96
113
129
131
133
134
141
166
171
172
181
192
193
16
17
57
70
74
93
100
121
124
132
145
146
147
182
188
191
7
25
31
42
60
120
132
142
147
157
163
169
172
189
191
12
16
18
65
70
72
73
108
115
117
120
122
127
146
147
154
182
8
9
16
19
28
45
51
54
59
61
73
90
91
92
104
112
115
116
118
121
157
160
162
169
172
199
6
21
26
34
43
44
46
47
51
70
107
112
124
132
133
136
176
2
12
23
26
27
35
48
62
65
68
80
86
100
104
115
119
138
145
146
156
169
184
199
9
11
27
52
65
66
91
94
119
132
146
154
159
168
169
181
183
9
21
23
33
37
51
79
123
124
146
147
149
164
169
170
193
195
2
30
33
38
46
47
62
66
69
87
108
109
127
137
142
149
151
188
191
197
14
28
63
68
94
100
111
112
119
123
137
139
142
143
144
147
179
181
188
199
30
33
38
64
66
81
94
100
130
132
137
138
139
144
146
163
165
14
19
24
26
28
37
48
61
88
89
102
104
118
125
132
150
157
159
162
169
171
12
22
33
34
37
46
50
60
75
80
94
111
112
121
132
144
145
152
154
158
160
169
178
179
187
18
26
35
40
57
67
84
100
106
112
130
148
152
154
156
164
180
182
4
24
44
68
70
71
72
73
80
90
98
124
145
164
171
190
199
4
8
26
40
45
59
61
65
68
96
104
121
122
124
133
149
150
158
166
177
195
25
31
34
46
52
56
62
71
90
110
135
162
167
168
171
180
186
195
198
14
21
30
31
35
42
64
73
85
115
123
139
143
149
150
157
163
164
177
8
17
31
33
41
43
48
61
76
90
91
95
102
109
114
161
167
172
179
185
194
0
2
25
37
40
47
49
71
72
75
86
88
95
101
121
134
142
150
192
11
13
14
15
17
24
55
76
97
99
106
111
130
135
138
140
148
154
163
175
1
6
31
44
49
73
75
113
115
121
132
149
152
176
177
190
0
7
20
34
41
48
55
67
84
85
88
99
103
116
143
148
188
4
16
25
46
73
75
90
106
127
140
149
169
176
183
4
19
23
45
49
64
89
102
155
166
170
177
184
191
193
198
14
35
36
58
63
84
91
99
105
106
114
140
148
153
164
165
172
181
186
190
3
9
19
39
41
54
55
75
99
102
107
117
120
125
127
138
147
154
157
174
181
188
14
34
40
56
58
63
66
84
94
100
104
108
130
144
150
151
154
162
182
189
197
199
27
30
42
53
54
71
90
108
109
116
147
162
180
182
194
7
11
19
26
32
33
37
45
59
62
95
115
132
136
152
161
187
190
9
26
50
55
62
72
74
77
102
107
127
129
133
153
155
181
191
1
4
21
25
32
50
58
60
62
82
86
96
128
143
153
191
12
21
65
67
70
93
138
140
142
143
144
148
149
160
5
7
8
20
21
22
47
52
57
59
61
62
74
77
86
90
112
144
161
175
189
192
193
14
18
36
51
55
60
72
79
87
90
105
121
122
133
136
148
151
153
177
183
184
13
15
30
31
49
55
59
63
71
82
84
86
104
109
136
138
140
155
162
174
187
4
39
40
41
44
47
64
82
84
90
110
113
114
121
189
193
16
18
45
65
113
128
132
133
163
172
183
189
193
197
25
48
49
54
109
110
119
129
157
170
178
180
186
6
12
14
28
32
44
58
59
79
88
115
118
124
141
158
160
183
187
5
11
22
28
49
56
76
87
92
126
152
154
158
161
171
191
193
194
198
2
5
10
11
15
22
30
31
47
82
83
88
114
117
126
129
130
135
149
175
180
185
193
3
42
49
56
88
91
114
146
149
155
181
185
1
11
29
43
48
72
74
76
81
83
88
98
109
125
127
128
150
153
165
175
178
182
186
192
3
17
20
36
52
55
62
64
71
77
107
110
116
129
136
143
146
162
163
167
179
7
11
16
47
76
85
91
92
107
114
123
137
139
150
164
165
180
198
18
27
39
70
79
91
117
118
143
160
171
174
176
185
186
4
10
27
28
35
36
56
86
102
108
113
126
128
133
142
161
171
185
195
0
13
14
15
22
35
41
43
50
57
67
71
102
105
155
178
179
183
184
8
15
35
54
55
56
60
62
117
153
162
175
180
183
0
1
12
14
28
31
32
37
53
55
65
71
82
85
89
104
129
149
166
172
176
192
6
12
21
36
53
94
112
119
130
137
145
146
159
163
10
21
27
32
63
76
87
89
95
98
109
116
133
138
164
170
173
174
6
7
11
15
22
27
37
62
89
90
124
128
134
151
158
162
166
192
195
2
5
8
41
62
80
82
86
97
101
102
126
137
138
145
161
167
168
177
193
196
16
38
53
61
70
71
73
81
86
91
95
112
118
134
136
156
170
180
187
190
196
2
22
28
34
45
50
53
89
90
95
99
118
128
136
144
161
170
173
174
177
178
191
199
9
39
54
66
67
77
81
90
99
101
111
114
116
130
155
165
177
1
15
16
18
26
30
51
60
79
88
94
106
118
144
152
153
184
190
13
29
47
53
57
59
61
65
67
72
89
95
105
125
191
192
14
29
33
36
40
54
118
119
130
134
135
145
164
174
2
39
44
45
48
49
64
76
91
93
95
114
117
132
153
161
177
182
1
34
43
46
58
71
112
140
142
146
151
164
193
