pbbs_sequencePoint3d
-5.02926376417e-01 -7.48016746597e-01 -4.71676457427e-01
7.77011517331e-01 1.16346117629e-01 -4.81560410690e-01
-3.00467647286e-01 8.94115256096e-01 -2.23739198979e-01
9.82053002334e-01 -2.05681008848e-01 -9.59667218830e-01
8.68992593078e-01 -4.57300067627e-01 -4.89441058826e-02
3.93250767790e-01 7.65109675827e-01 4.06842552781e-01
5.61758953874e-01 -2.02000232973e-01 -1.07394087644e-01
7.10925139352e-01 7.04329632085e-01 8.04519547990e-01
9.96204580179e-01 4.81697923262e-01 -1.76535945002e-01
-5.36004762881e-01 9.46366641645e-01 4.37737810164e-01
9.58237178604e-01 -8.61020587320e-01 -2.20700610997e-01
-3.71440986810e-01 5.71466510916e-01 6.34988569485e-01
-4.18041410585e-01 7.87284332694e-02 -9.09921918022e-01
5.17379588223e-01 1.86763492034e-01 6.21091265055e-01
7.96361005770e-01 5.19227614402e-01 9.76147073310e-01
-7.11537722364e-01 9.77158389044e-01 -4.50631142338e-01
6.50576173165e-01 9.09929991658e-01 1.20438002572e-01
3.76563608356e-01 1.57334231379e-01 8.60640691063e-02
-5.59960217476e-02 2.26630406094e-01 -3.25358287117e-01
9.02932912997e-01 6.13641057915e-01 -2.75791215373e-01
-9.39906496061e-02 8.15396959807e-01 -7.95840260478e-01
-1.18249937481e-01 5.14743515064e-01 -3.51695217822e-01
-5.41600511196e-01 1.60793820937e-01 1.69346263245e-01
1.01098834118e-01 -4.51766079036e-01 9.96689717749e-02
-7.13505097997e-02 7.66936823617e-01 -7.87251107296e-01
-1.57856623250e-01 1.46401396555e-01 -3.29284391985e-01
9.44248371732e-01 2.68793856385e-01 -8.80784070064e-01
-7.55738829149e-01 -8.32946409394e-01 -5.37863245950e-01
-3.36432263877e-01 3.79861277239e-01 -9.00067075109e-01
6.75670946797e-01 4.95329236377e-01 -6.50766611868e-01
7.79384735869e-01 -4.18691753139e-01 7.03571136903e-01
8.04894509634e-01 -4.66659688608e-02 5.57654565926e-01
3.41484318181e-01 2.93776209137e-01 -7.05103993279e-01
3.36162917007e-01 -7.68146331314e-01 -8.76880544180e-01
-6.17482926518e-01 7.53284493346e-01 3.76678145200e-01
3.66449463352e-02 8.73468181991e-01 7.57066143564e-01
-6.49745438085e-01 6.70657929811e-01 3.44925998405e-01
6.80236079581e-01 -7.34569930348e-01 -8.72064265829e-02
3.58760446943e-01 3.50557530928e-01 -6.55067579660e-01
9.61891290714e-01 -4.10680857213e-01 3.41629005662e-01
-7.73101923882e-01 5.97047824225e-01 9.78286191811e-01
-7.98890541214e-01 1.74523071002e-01 8.75523763651e-01
-5.26777683537e-01 9.68005931921e-01 8.52652793216e-02
8.07768650263e-01 -5.87830517249e-01 7.54879621675e-01
-1.89731427091e-01 5.00623496017e-01 -5.57193200829e-01
4.86153192113e-02 7.32914938467e-01 9.81208153992e-01
1.10461622994e-01 -6.61912503495e-01 3.50605616975e-01
-3.69875736241e-01 2.49658664339e-01 9.22447397338e-01
3.29557056227e-01 -2.25815311645e-01 -5.12399650883e-01
6.78814483657e-01 -7.03524639692e-01 3.55359854808e-01
-8.85324221051e-01 3.34832546923e-01 6.78506107386e-02
-4.96871758018e-01 1.62470808794e-01 1.79060525810e-01
-5.38393078157e-01 -2.30132950111e-01 -2.98716704035e-01
-1.62316941266e-01 -3.03860921089e-01 -3.48722488316e-01
2.71021315489e-01 1.52260809742e-01 3.26246651973e-02
8.17250866358e-01 -1.08382850470e-01 4.68886405914e-01
4.92029586570e-01 1.11007296998e-01 -2.46538946986e-01
6.89927180153e-01 -8.65828175035e-01 -6.14469517774e-01
-8.83379886804e-01 5.93063771535e-01 -4.24964700558e-01
3.06166218271e-01 -9.71049344154e-01 7.22462560852e-01
-4.65812427209e-02 8.11853983352e-01 2.45739201664e-01
7.44061394475e-01 -5.57383731733e-01 -6.10233708569e-02
9.71661914127e-01 -3.25640333037e-02 -4.20377228139e-01
-4.40010139458e-01 -1.23731291445e-01 -4.64904029604e-01
8.00768329669e-01 -3.83479481276e-01 -6.69554517451e-01
7.67128560584e-01 -4.41399376579e-01 -4.87796397641e-01
5.27740133706e-01 8.08181621976e-01 6.86132203641e-01
-5.25588678906e-01 2.73974815977e-01 4.98150349361e-01
-3.66195491220e-01 8.01490820386e-02 -6.33764295668e-01
2.36698710936e-01 -8.99964470370e-01 6.54401893567e-01
1.16544304004e-01 7.62785518431e-01 -2.83872557471e-01
2.90436667991e-01 -9.96019479817e-01 -2.17663842820e-01
5.93110875037e-01 -1.91023208756e-01 5.32912915355e-01
-4.81999569331e-01 1.71468510838e-01 3.95088076310e-01
6.93879843547e-01 -7.73702231130e-01 -3.82269607569e-01
-8.15616276029e-01 2.36741367372e-01 5.55091121958e-01
-1.75633346278e-01 4.86269104987e-01 3.63679178694e-01
8.87788812578e-01 -4.72947809600e-01 4.31317493055e-01
5.05220260241e-01 5.25868227485e-01 9.01001050091e-01
-1.37789638312e-01 -6.75404366886e-01 -2.66817080447e-01
-8.41189087295e-01 7.22143422217e-02 -4.68983016661e-01
8.26864325361e-01 -5.12296007719e-01 5.86734658846e-01
-9.84392784529e-01 -4.39440818242e-01 -7.14464473405e-01
3.04424401980e-01 -8.19556421516e-01 9.72013169887e-01
5.41604529853e-01 6.79821805414e-02 -8.78684543017e-01
-4.02690702771e-01 -8.55881294168e-01 5.98000108077e-01
-3.00857575285e-01 5.67533469558e-01 9.47124178497e-01
8.16284868781e-01 3.77424237028e-01 -4.22233300015e-01
-9.53980177154e-02 -5.84981603355e-01 1.95085016636e-01
-5.93164475445e-01 -6.37362972664e-01 -3.66488797761e-03
-4.68423913917e-01 3.27454086080e-01 2.74496690032e-01
6.49219467141e-01 -8.22115733205e-01 7.60564948321e-01
-4.88792965882e-01 -7.92141724281e-01 -8.20319244554e-01
9.87009010737e-02 -4.63139177981e-01 7.18008482697e-01
3.74365049123e-01 -1.54833068678e-01 -9.88981348457e-01
-8.49095628527e-01 3.45426216417e-01 8.99489340326e-01
2.21365298713e-01 -6.62755452871e-01 4.63372369047e-01
-9.46449799438e-01 -3.40313845938e-01 -4.18182439366e-02
8.90253571742e-01 -5.73987528018e-02 -2.46745958108e-02
-5.60780034196e-01 4.72933738247e-01 -7.96597811299e-01
