pbbs_sequencePoint3d
-5.02926376417e-01 -7.48016746597e-01 -4.71676457427e-01
7.77011517331e-01 1.16346117629e-01 -4.81560410690e-01
-3.00467647286e-01 8.94115256096e-01 -2.23739198979e-01
9.82053002334e-01 -2.05681008848e-01 -9.59667218830e-01
8.68992593078e-01 -4.57300067627e-01 -4.89441058826e-02
3.93250767790e-01 7.65109675827e-01 4.06842552781e-01
5.61758953874e-01 -2.02000232973e-01 -1.07394087644e-01
7.10925139352e-01 7.04329632085e-01 8.04519547990e-01
9.96204580179e-01 4.81697923262e-01 -1.76535945002e-01
-5.36004762881e-01 9.46366641645e-01 4.37737810164e-01
9.58237178604e-01 -8.61020587320e-01 -2.20700610997e-01
-3.71440986810e-01 5.71466510916e-01 6.34988569485e-01
-4.18041410585e-01 7.87284332694e-02 -9.09921918022e-01
5.17379588223e-01 1.86763492034e-01 6.21091265055e-01
7.96361005770e-01 5.19227614402e-01 9.76147073310e-01
-7.11537722364e-01 9.77158389044e-01 -4.50631142338e-01
6.50576173165e-01 9.09929991658e-01 1.20438002572e-01
3.76563608356e-01 1.57334231379e-01 8.60640691063e-02
-5.59960217476e-02 2.26630406094e-01 -3.25358287117e-01
9.02932912997e-01 6.13641057915e-01 -2.75791215373e-01
-9.39906496061e-02 8.15396959807e-01 -7.95840260478e-01
-1.18249937481e-01 5.14743515064e-01 -3.51695217822e-01
-5.41600511196e-01 1.60793820937e-01 1.69346263245e-01
1.01098834118e-01 -4.51766079036e-01 9.96689717749e-02
-7.13505097997e-02 7.66936823617e-01 -7.87251107296e-01
-1.57856623250e-01 1.46401396555e-01 -3.29284391985e-01
9.44248371732e-01 2.68793856385e-01 -8.80784070064e-01
-7.55738829149e-01 -8.32946409394e-01 -5.37863245950e-01
-3.36432263877e-01 3.79861277239e-01 -9.00067075109e-01
6.75670946797e-01 4.95329236377e-01 -6.50766611868e-01
7.79384735869e-01 -4.18691753139e-01 7.03571136903e-01
8.04894509634e-01 -4.66659688608e-02 5.57654565926e-01
3.41484318181e-01 2.93776209137e-01 -7.05103993279e-01
3.36162917007e-01 -7.68146331314e-01 -8.76880544180e-01
-6.17482926518e-01 7.53284493346e-01 3.76678145200e-01
3.66449463352e-02 8.73468181991e-01 7.57066143564e-01
-6.49745438085e-01 6.70657929811e-01 3.44925998405e-01
6.80236079581e-01 -7.34569930348e-01 -8.72064265829e-02
3.58760446943e-01 3.50557530928e-01 -6.55067579660e-01
9.61891290714e-01 -4.10680857213e-01 3.41629005662e-01
-7.73101923882e-01 5.97047824225e-01 9.78286191811e-01
-7.98890541214e-01 1.74523071002e-01 8.75523763651e-01
-5.26777683537e-01 9.68005931921e-01 8.52652793216e-02
8.07768650263e-01 -5.87830517249e-01 7.54879621675e-01
-1.89731427091e-01 5.00623496017e-01 -5.57193200829e-01
4.86153192113e-02 7.32914938467e-01 9.81208153992e-01
1.10461622994e-01 -6.61912503495e-01 3.50605616975e-01
-3.69875736241e-01 2.49658664339e-01 9.22447397338e-01
3.29557056227e-01 -2.25815311645e-01 -5.12399650883e-01
6.78814483657e-01 -7.03524639692e-01 3.55359854808e-01
-8.85324221051e-01 3.34832546923e-01 6.78506107386e-02
-4.96871758018e-01 1.62470808794e-01 1.79060525810e-01
-5.38393078157e-01 -2.30132950111e-01 -2.98716704035e-01
-1.62316941266e-01 -3.03860921089e-01 -3.48722488316e-01
2.71021315489e-01 1.52260809742e-01 3.26246651973e-02
8.17250866358e-01 -1.08382850470e-01 4.68886405914e-01
4.92029586570e-01 1.11007296998e-01 -2.46538946986e-01
6.89927180153e-01 -8.65828175035e-01 -6.14469517774e-01
-8.83379886804e-01 5.93063771535e-01 -4.24964700558e-01
3.06166218271e-01 -9.71049344154e-01 7.22462560852e-01
-4.65812427209e-02 8.11853983352e-01 2.45739201664e-01
7.44061394475e-01 -5.57383731733e-01 -6.10233708569e-02
9.71661914127e-01 -3.25640333037e-02 -4.20377228139e-01
-4.40010139458e-01 -1.23731291445e-01 -4.64904029604e-01
8.00768329669e-01 -3.83479481276e-01 -6.69554517451e-01
7.67128560584e-01 -4.41399376579e-01 -4.87796397641e-01
5.27740133706e-01 8.08181621976e-01 6.86132203641e-01
-5.25588678906e-01 2.73974815977e-01 4.98150349361e-01
-3.66195491220e-01 8.01490820386e-02 -6.33764295668e-01
2.36698710936e-01 -8.99964470370e-01 6.54401893567e-01
1.16544304004e-01 7.62785518431e-01 -2.83872557471e-01
2.90436667991e-01 -9.96019479817e-01 -2.17663842820e-01
5.93110875037e-01 -1.91023208756e-01 5.32912915355e-01
-4.81999569331e-01 1.71468510838e-01 3.95088076310e-01
6.93879843547e-01 -7.73702231130e-01 -3.82269607569e-01
-8.15616276029e-01 2.36741367372e-01 5.55091121958e-01
-1.75633346278e-01 4.86269104987e-01 3.63679178694e-01
8.87788812578e-01 -4.72947809600e-01 4.31317493055e-01
5.05220260241e-01 5.25868227485e-01 9.01001050091e-01
-1.37789638312e-01 -6.75404366886e-01 -2.66817080447e-01
-8.41189087295e-01 7.22143422217e-02 -4.68983016661e-01
8.26864325361e-01 -5.12296007719e-01 5.86734658846e-01
-9.84392784529e-01 -4.39440818242e-01 -7.14464473405e-01
3.04424401980e-01 -8.19556421516e-01 9.72013169887e-01
5.41604529853e-01 6.79821805414e-02 -8.78684543017e-01
-4.02690702771e-01 -8.55881294168e-01 5.98000108077e-01
-3.00857575285e-01 5.67533469558e-01 9.47124178497e-01
8.16284868781e-01 3.77424237028e-01 -4.22233300015e-01
-9.53980177154e-02 -5.84981603355e-01 1.95085016636e-01
-5.93164475445e-01 -6.37362972664e-01 -3.66488797761e-03
-4.68423913917e-01 3.27454086080e-01 2.74496690032e-01
6.49219467141e-01 -8.22115733205e-01 7.60564948321e-01
-4.88792965882e-01 -7.92141724281e-01 -8.20319244554e-01
9.87009010737e-02 -4.63139177981e-01 7.18008482697e-01
3.74365049123e-01 -1.54833068678e-01 -9.88981348457e-01
-8.49095628527e-01 3.45426216417e-01 8.99489340326e-01
2.21365298713e-01 -6.62755452871e-01 4.63372369047e-01
-9.46449799438e-01 -3.40313845938e-01 -4.18182439366e-02
8.90253571742e-01 -5.73987528018e-02 -2.46745958108e-02
-5.60780034196e-01 4.72933738247e-01 -7.96597811299e-01
7.17649935613e-01 7.49905724893e-01 -6.02128591203e-01
3.11497491464e-01 -4.42420560607e-01 -3.35550253901e-01
-4.93423542703e-01 2.30648132614e-01 5.39610379161e-01
1.20354818702e-01 9.82558521434e-01 -6.25804585230e-01
6.57252624471e-01 6.17038691704e-03 -3.80417152951e-01
-1.20896389299e-01 -5.14426159446e-01 4.45915293622e-01
-9.60408379771e-02 2.49485613429e-01 4.24261175759e-01
-4.24249885336e-01 -9.56804589814e-02 -5.30646912535e-01
3.35173436131e-01 5.47334189316e-01 6.05062935317e-01
-3.48105198400e-01 -6.73060904105e-01 -7.32449274386e-01
3.77011258796e-01 -8.44765082861e-01 -6.22425099659e-01
7.63281620929e-01 3.66723031442e-01 2.43508237062e-01
3.90359121091e-01 -1.12119193707e-01 -3.69177008685e-01
-5.55652142761e-02 4.36885793431e-01 -9.47354459645e-02
2.86125268455e-01 -9.82847773462e-01 -1.42285143557e-01
7.52344618436e-01 3.00642565498e-01 -2.45968129135e-01
-3.21309371535e-01 -8.91957613589e-01 2.31893608920e-01
-4.83460537849e-01 -2.73822669533e-01 -4.26685802372e-01
-4.85903738758e-01 -9.02366754553e-01 8.52443866363e-01
5.80744632325e-01 5.06524202184e-01 7.76103689231e-01
7.38729512197e-01 -5.38516339631e-01 -9.26526161808e-01
-2.35993717907e-02 8.92064292865e-01 7.59698593877e-01
3.80605985122e-01 -4.04454255199e-01 2.35625930706e-01
7.42707741793e-02 -3.94513601155e-01 6.25605087553e-01
3.70807968718e-01 7.94252812767e-01 8.20383152841e-01
9.45309153733e-01 -6.57111901630e-01 -2.85989368002e-01
-6.83906195538e-01 7.01408983069e-01 -8.97775645320e-01
-4.50809307141e-01 1.75295763265e-01 8.99781067809e-01
-9.50026549376e-01 8.62672626908e-01 -8.43462494129e-01
-7.59203067869e-01 1.50301992032e-02 -5.69417917900e-01
-4.65464524676e-01 6.40264479742e-03 5.24591007514e-02
1.47016147686e-01 -9.52385143355e-01 9.33028489320e-01
-6.40816421081e-01 8.04332160300e-01 7.45399096862e-01
-2.00527092070e-01 -8.45795022252e-01 7.39676015330e-01
2.05321143011e-01 2.80127604157e-01 -7.57828714213e-01
-1.39530829685e-01 -7.03903325695e-01 9.98529695905e-01
-4.09088504226e-01 -9.89801963787e-01 8.40629807599e-01
-8.41639359408e-01 6.91328286050e-01 -4.67795283286e-01
-7.50073144096e-01 -7.21650623587e-01 -3.25214915595e-01
3.05233910356e-01 -2.29871179550e-01 1.32285059026e-01
9.71024099724e-01 -1.64886245115e-01 -7.20430965405e-01
1.41752040545e-01 3.04454782654e-01 5.15481195187e-01
-8.81699971334e-02 1.12188356515e-01 5.97696220315e-01
-1.79554976141e-01 6.72086732309e-01 4.97022294205e-01
7.39371352708e-01 2.46579802244e-01 -8.28734620395e-01
1.06292552830e-01 2.99769215891e-01 3.95543262081e-01
-5.04051061116e-01 -2.76144983841e-01 8.11100315215e-01
-1.56296064684e-01 -5.48163015185e-01 -4.87362035311e-01
8.54513893767e-01 5.68017118409e-01 7.40712662572e-02
8.65051602416e-02 2.55679886442e-01 -8.37307314313e-01
2.79538205489e-01 3.00210552896e-01 -9.58966064248e-01
2.40347098205e-01 9.49717995687e-01 3.57155493161e-01
6.79821817987e-01 3.92145154715e-01 9.08721607136e-01
-2.52404021682e-01 -1.21437137537e-01 -5.02422689694e-02
-5.32420738382e-01 -4.70799656338e-01 5.21204500236e-01
-7.78574152747e-01 4.31389510367e-01 2.78537952005e-01
-6.11843025131e-01 4.68898291452e-01 2.35480484662e-02
-9.39648020053e-01 -9.79806152629e-02 6.30061724982e-01
-4.33559412804e-01 -3.43877279825e-01 3.04671573129e-01
9.38059762091e-01 -1.60645203274e-01 -4.12484365707e-02
-8.65465289850e-01 -9.06090954275e-01 9.01316659479e-01
-5.52367321473e-02 4.29791475381e-01 -2.02513523960e-01
-2.31213133424e-01 3.97753735724e-01 4.48204909194e-01
-8.24039454490e-01 5.06484442161e-01 -8.85358816891e-01
7.59382252469e-01 -3.63486015873e-01 -5.91264207657e-01
-9.53900969566e-01 -4.65801769619e-01 2.73465173912e-01
-5.50337513699e-01 -2.67039297739e-01 -2.12732522382e-01
9.19686551168e-01 -8.37417474872e-01 -7.76146759175e-01
5.75268232997e-01 6.97815814380e-02 6.95323882483e-01
2.39846884850e-01 9.99947595410e-01 8.76739076747e-02
-3.92706317544e-01 7.67414268929e-01 -9.97939738444e-01
7.42815626665e-01 -2.76366635354e-02 -2.61547337874e-01
7.65913590214e-02 8.21761424570e-01 -9.38105979440e-02
2.50161546399e-02 -5.60428784490e-02 -9.48670156276e-01
1.98408348113e-01 1.36944891483e-01 -1.43324282553e-01
6.48983845324e-01 8.68157455636e-01 7.42274540356e-01
-4.19524571588e-01 1.11285307031e-01 -6.84835879917e-01
4.60035416977e-01 -6.07942386348e-01 5.26883063618e-01
-1.16946543156e-01 -5.61525723693e-01 -7.56512396856e-01
-9.38666593255e-01 1.43896195639e-01 -4.16651957397e-01
2.57600396526e-01 3.85699069773e-01 6.21770401309e-01
-6.94138330265e-01 -9.90742958146e-01 -2.56047536273e-01
-7.48595503973e-01 -9.64828117734e-01 -8.14419506031e-01
-4.38883658237e-01 -3.78132595391e-01 -8.24053675786e-01
9.51268401906e-01 1.16312093621e-01 1.84698975731e-02
1.11430416401e-01 -9.05382183336e-01 7.93303859324e-01
-1.17493062335e-02 3.98038815427e-01 4.41319235340e-01
-7.84320769731e-01 1.60825639572e-01 -6.48533397191e-01
1.25513986277e-01 8.08996264734e-01 -4.76543600893e-02
-3.19267644230e-01 -9.10136270295e-01 -7.13838870038e-03
4.76806211973e-01 4.78037958722e-01 4.55121819608e-01
-1.80678206114e-01 -5.15105267761e-01 -4.75722127816e-02
-2.27450807685e-02 1.17863518706e-01 8.28887040647e-01
-3.84112273056e-01 -6.43101485280e-01 9.19411748610e-01
-8.44137252236e-01 9.94484595021e-01 2.24074788030e-01
-9.67450743526e-01 -4.70825843267e-01 4.47592504065e-01
-5.02163412749e-01 -1.86718417884e-01 -4.18939225105e-01
7.42271668158e-01 -9.26923850517e-01 7.83866071973e-01
-1.41467820453e-01 3.57910556420e-01 1.01055125287e-01
8.57980568827e-01 -4.65669662443e-01 8.90878639599e-02
1.68270296496e-02 -7.31499797540e-01 8.02281313484e-01
-5.30625073952e-01 -1.77612185095e-01 2.84268736506e-01
-2.64653352678e-01 2.57214186367e-01 -9.53013120197e-01
-2.94507239617e-01 5.59402907062e-01 -9.58686626497e-01
-4.58639682950e-01 4.77398491221e-01 -1.78390231532e-01
-5.24385860900e-01 -3.56130532621e-01 3.32691052618e-01
-5.70559605756e-01 -5.72462084504e-01 -4.78447065911e-02
-9.37217391067e-01 8.41257962324e-01 -5.14817972442e-01
-1.85180124447e-01 -4.47057831775e-01 -2.60737218550e-01
-4.14798494156e-01 1.67730020903e-01 -5.71882210473e-01
-6.73083836061e-01 -9.14633834695e-01 9.63271822763e-01
3.14389744454e-01 -5.72664038079e-01 8.67081139175e-01
-9.73412896494e-01 -9.37491757766e-01 6.37105271983e-01
5.00069447560e-01 -2.87696683448e-01 6.24013115477e-01
9.73900873202e-01 -4.08857224234e-01 -8.30919585112e-01
-8.13014507207e-01 8.65996628006e-01 -5.39247193159e-01
6.62718164577e-01 1.40740578128e-02 6.56041205701e-01
5.44377928388e-01 6.69420092213e-01 -6.73170718678e-02
-7.79352545635e-01 4.46651085022e-01 9.19633233417e-02
-2.62379938393e-01 -9.13530355745e-03 3.39202472632e-01
-2.56953016509e-01 8.05187215938e-01 -1.93794108552e-01
-3.01407712186e-01 -3.35184830863e-01 -3.32384053307e-01
5.19440765735e-02 -1.94848037881e-01 -9.72831998939e-01
1.98146088607e-01 -4.08147855386e-01 -9.60052603837e-01
2.77445803060e-01 7.42193545095e-01 -5.64511404636e-02
-5.53430673458e-01 8.72508333005e-01 -9.83689744018e-01
-2.00859699957e-01 -1.01172195329e-01 -7.86849263025e-01
-2.14142248600e-01 5.92671449106e-01 -3.02955913499e-02
-7.99904727284e-01 9.60761184786e-01 9.68984516323e-01
-9.73099215875e-01 6.43718636429e-01 9.74560592312e-01
4.03788162118e-01 -3.06123426792e-01 -6.49274375126e-01
1.27325183771e-02 -4.18741964464e-01 -4.77828192281e-01
9.95473669840e-01 -3.60578042623e-02 -5.31860995354e-02
7.75049562461e-01 8.94202706355e-01 6.78439606763e-01
-5.09017416047e-01 -9.75571552280e-01 -2.38734066132e-01
6.42427121123e-01 6.75292279420e-01 3.04785608922e-01
-6.86217659938e-01 -1.18456243127e-01 -1.44967183073e-01
-3.22330225875e-01 -8.60076360339e-01 3.33136092561e-01
8.12216994265e-01 5.31845907463e-01 9.09934002864e-01
-7.05307384816e-01 -5.14914401581e-01 -1.53934530520e-01
2.44107375501e-01 -3.13474951924e-01 3.20177330319e-01
-4.78200350645e-01 -5.27005986090e-01 -4.32197731655e-01
7.40588488868e-01 2.31089348547e-01 5.06323514276e-01
-1.11481758352e-01 7.91028207071e-01 6.69444385296e-02
6.11494025035e-01 6.31601275705e-01 -3.45447617744e-02
-6.47792978980e-01 -7.40935708276e-01 8.96570705761e-01
-9.51638758160e-01 -8.59822750958e-01 -4.27635438474e-01
7.27017722431e-02 4.64509804484e-01 4.33095931743e-01
-7.92243786059e-01 -1.59499168005e-01 2.30934965066e-01
-1.06678940871e-01 9.64361407777e-01 3.41386697414e-02
-2.63636264607e-01 -6.99914890202e-01 -7.29311954104e-01
3.04914482546e-01 6.42073976641e-01 -1.85681074479e-01
3.75584459573e-01 6.16906561710e-01 -5.53011133127e-01
-9.86473267892e-01 6.50172122591e-01 9.73129678039e-02
-2.91386222137e-01 -6.99365482526e-01 3.33439705583e-01
-6.09423028123e-01 6.29475449971e-01 -7.72149240492e-01
-3.24773411418e-02 3.52496742435e-02 8.71462455891e-01
3.63758713642e-01 4.65564525437e-01 -5.39832298430e-01
4.13905586774e-01 -8.89972979152e-01 -6.20405807914e-01
9.14701558610e-01 4.07501594819e-01 7.31388544539e-01
-6.25249816862e-01 7.87799824862e-01 -9.22331893780e-01
3.58514334242e-02 8.68890215582e-01 1.89999141353e-01
9.65240556731e-01 1.30183652570e-01 -3.41054034113e-01
3.79580852287e-01 -7.23625982052e-01 -2.66560668716e-01
-4.34084004459e-01 -5.45106371653e-01 4.55749112859e-01
6.67071884343e-01 -1.78253890564e-01 -4.77985352035e-01
8.07238010600e-01 -7.98056298307e-02 9.27349679138e-01
-4.34677350072e-01 1.22790006047e-02 -5.47211662655e-01
-6.22273188840e-01 -7.10614412888e-01 -5.26485712978e-01
-6.51936816821e-01 5.78066050344e-02 4.67731302356e-01
-6.69069958697e-01 -7.65953093658e-01 -7.19167714808e-01
9.33493789254e-01 -1.08163768942e-01 -6.77242713830e-01
-7.84625954826e-01 7.08446834101e-01 -8.00966597070e-01
-9.69728337587e-01 4.80580520574e-01 -9.54643624814e-01
-2.56967289959e-01 -9.57340747098e-01 -6.75734860672e-01
9.63999964280e-01 3.18618180844e-01 4.12271675380e-01
-8.25565222570e-01 -1.46502332364e-01 2.09570149989e-02
-8.06964305605e-02 8.55045772090e-01 3.26270701050e-01
9.74745047733e-02 -4.23940011032e-01 1.60445653443e-01
-1.95991602352e-01 -1.66975472666e-01 -2.00898094662e-01
-5.26706412214e-01 -4.48060221713e-01 3.38649094728e-01
2.34340471325e-02 3.15849122273e-01 -9.66529838725e-01
-3.24697218521e-01 6.89631709684e-01 1.50569095346e-02
7.45667734065e-01 4.27668655025e-01 9.89930299106e-01
9.20528986454e-01 8.85652073606e-01 -1.22071708144e-01
-4.76367216313e-01 1.24788707646e-01 -1.42278606604e-01
-6.60587563021e-01 -3.11874242179e-01 2.47044507063e-01
-3.36446514044e-01 1.20783715099e-01 -3.44284908075e-02
-5.09152674819e-01 -2.31311137430e-01 8.35431308409e-01
4.91217583181e-01 -1.46455924561e-01 -1.04930831634e-01
-5.92111105841e-01 -1.07992756696e-01 -5.71544379728e-01
-4.84090052305e-01 8.58089270935e-01 7.94598820524e-01
-7.61197068617e-01 5.65540566838e-01 2.99588971445e-01
-7.42645194634e-01 2.06850548371e-02 6.80592773333e-01
-9.39807913238e-01 7.09448947436e-01 -1.94646000487e-01
6.98192360670e-01 8.03239867931e-01 -5.80390208205e-01
9.51169514075e-01 -2.34553358161e-01 2.74697581900e-01
-3.36230944533e-01 -1.46146399503e-01 5.24476825038e-01
9.64757150954e-01 9.87265940750e-01 -4.29432303845e-02
-8.84339856861e-01 -8.36984630598e-01 -2.61066185898e-01
-7.95020885204e-02 3.58076510186e-02 -6.08077788543e-01
-9.40179560306e-01 4.43996724414e-01 1.32384104250e-01
-7.64975569102e-01 -3.89877435467e-01 -8.11582898633e-01
2.59796922682e-01 7.32990745331e-01 8.25660906651e-01
8.63097273681e-01 8.93033107693e-01 1.49807892809e-05
-6.83311455736e-01 -5.51826244943e-01 1.08458655471e-01
-2.17614295528e-01 -8.09560588472e-01 -4.15285329062e-01
3.42816268254e-02 9.42215177204e-01 -7.19017836134e-01
-8.44722165654e-01 -6.53875277216e-01 -9.85452555113e-01
-3.04108768378e-01 7.42972181059e-01 7.47729875030e-01
-6.70336398143e-01 1.84789579913e-01 -7.55713819878e-02
8.82479352822e-01 6.00919379667e-01 -7.93083081857e-01
3.33884725037e-01 -1.98969157971e-01 4.51985265804e-01
4.13985359210e-01 -1.87288931192e-01 4.78039612285e-02
1.16395678891e-01 9.26660364460e-01 3.81056825342e-01
-7.70684897793e-01 5.05607864589e-01 -8.04059292099e-01
1.48731053410e-01 -4.06883096978e-01 6.35506372729e-01
-2.18829899197e-02 -7.24568980618e-01 1.43379096474e-01
-6.78842545337e-01 1.13973612950e-02 -7.46108353951e-01
-6.06929453838e-01 6.35628884489e-01 4.33237177056e-01
-4.15937961739e-01 6.27628648480e-01 -3.60119843558e-01
-5.13544182998e-01 -9.63018727937e-02 -4.20913593574e-01
-8.79307541009e-01 -1.24081852904e-02 -6.94788948491e-01
-6.83716923782e-01 -3.58329182192e-01 8.60115256095e-01
7.98661786038e-01 1.49366330891e-01 4.50601437805e-01
-5.65301458149e-01 -6.06274609736e-02 -7.55863224043e-01
-4.35563544946e-02 -4.76682860161e-01 1.99807453528e-01
9.79394068932e-01 7.81357163462e-01 -5.07823165277e-01
-4.87280546449e-01 4.84543788007e-01 2.56368252102e-01
-6.83482106628e-01 8.28835349450e-01 8.05526908397e-01
6.09273263537e-02 5.88502034353e-01 -5.66445944629e-01
-4.19621524131e-01 -9.62832226401e-01 6.18871598327e-01
-1.14575805662e-01 -9.36248924554e-01 7.86515888659e-01
-1.46779541460e-01 1.26855387411e-02 9.68698757686e-01
4.68738294890e-01 9.84268015243e-01 -9.36820222035e-01
8.40967189447e-01 -8.60120752296e-02 7.93390829020e-01
4.44212299513e-01 7.80040710596e-02 3.86328944185e-02
6.65366639227e-01 -3.13275719673e-01 2.10350840450e-02
-4.05045040606e-01 -4.74933674314e-01 4.34933167619e-01
5.00197008951e-01 4.84168352319e-01 -9.61930558999e-01
-1.42303975831e-01 8.41921191123e-02 4.21540703355e-01
7.73613433248e-01 6.89550787997e-01 -3.75592750206e-01
8.77025675903e-01 -2.23558139626e-01 1.23470620775e-01
-4.21907331525e-01 -3.29996787631e-01 3.21330451091e-01
9.62843918690e-02 5.42929549954e-02 4.46665929373e-01
-4.18929369384e-02 -8.14898668702e-01 -6.78551649525e-01
-4.61008423688e-01 -5.01350696898e-01 5.49822639464e-01
7.12672970124e-01 9.88266247319e-01 -8.20796867283e-02
-5.47337412623e-01 3.91652127445e-01 -1.60185016301e-01
7.30059882500e-01 -6.09270143141e-01 -9.40637816647e-01
-6.46631557330e-01 8.25956895866e-01 5.08249116833e-01
9.28383008544e-01 9.98290126211e-01 4.75963864231e-01
-6.15569256998e-01 -2.97325995424e-01 1.78396533792e-01
-5.59421140495e-01 7.08316550454e-01 -6.22137963596e-01
-8.68489035344e-01 4.91891639071e-01 -4.27139233531e-01
-6.77559078521e-01 -9.53894830287e-01 -5.28292521615e-01
2.09560880069e-01 6.44792951478e-01 -2.27095605446e-01
-5.86907397763e-01 -7.22460927312e-01 -6.28939886405e-01
1.67896044519e-02 -1.45763652933e-01 -9.69087098711e-01
-9.44488756333e-01 -5.08704378041e-01 -3.17513420860e-01
8.76225220913e-01 3.13817063027e-01 4.03966629134e-02
-9.68706957050e-01 7.07805294407e-01 6.55440600428e-01
9.48594118445e-01 -9.87100136460e-01 -4.74433522427e-01
1.93857271780e-01 1.81535834997e-01 9.87659524189e-01
-7.81581976349e-01 8.35572987718e-01 -4.07185875535e-01
-3.75820626214e-01 -2.82851408833e-01 6.64482137032e-01
-9.43970167983e-01 -7.14751068370e-01 3.36904880282e-01
4.29073757226e-01 -4.25913872861e-01 -1.01521544671e-01
2.52818554292e-01 -9.67727053895e-01 2.27371326288e-01
4.96778604806e-02 -2.14484612092e-01 6.25582392153e-01
-4.33746192341e-01 6.65104329430e-01 5.45194039841e-01
-3.47897205198e-01 -9.61017697100e-01 5.64639640769e-01
-6.61126634880e-01 -7.39077221481e-01 6.30589539944e-01
7.22301875112e-01 -6.27576353786e-01 5.09544214005e-01
-2.54445002998e-01 4.31013455349e-01 9.70979706371e-01
6.99553613411e-01 5.87792823831e-01 -1.23221953457e-02
3.54772526470e-01 3.66380756426e-01 -8.39031929075e-01
8.38609105832e-01 -9.67388011500e-01 9.31983640386e-01
4.21068106508e-01 -6.36458754370e-01 5.26923849493e-02
1.75139323424e-01 -2.07117679625e-02 -8.11077485704e-01
-9.87281088711e-01 6.82006452085e-01 7.09921804122e-01
3.39850985138e-01 -9.12731861655e-01 1.14830431116e-01
6.18913687588e-01 6.76670321578e-02 -9.44257702652e-01
-5.25630625675e-01 -6.66484092207e-01 -7.42273914508e-01
1.68406439558e-01 -4.99201208120e-01 -5.18861124999e-01
-4.66920277787e-01 -3.85667208296e-01 -3.00383860851e-01
-8.21960073813e-01 7.04434783992e-01 3.14179127717e-01
5.21671717764e-01 -6.16252586067e-01 -9.08899309071e-01
5.54109053479e-01 3.00752165402e-01 1.38644879283e-01
-7.68840664890e-01 -2.60158098890e-01 8.76230936440e-01
1.62774346379e-01 -6.24008896586e-01 3.94357720108e-01
6.23449397098e-01 -5.60611530934e-01 -5.25949987362e-01
-2.41003932078e-01 3.86793755641e-01 7.01428531064e-03
-6.50204446935e-01 3.73716761066e-01 5.57436479049e-01
-5.79424876524e-01 -8.01364546549e-01 -5.85881662362e-01
5.30803061803e-01 -8.16939368759e-01 -3.29010328431e-03
6.03723174708e-01 -1.33257976330e-01 8.83537986262e-01
6.84999927732e-01 -3.24801919202e-02 5.47722117299e-02
1.03542082991e-02 -1.57777817528e-01 -6.99295719014e-01
4.67940323738e-01 1.13900238235e-01 6.02896870395e-02
