pbbs_sequencePoint3d
-5.02926376417e-01 -7.48016746597e-01 -4.71676457427e-01
7.77011517331e-01 1.16346117629e-01 -4.81560410690e-01
-3.00467647286e-01 8.94115256096e-01 -2.23739198979e-01
9.82053002334e-01 -2.05681008848e-01 -9.59667218830e-01
8.68992593078e-01 -4.57300067627e-01 -4.89441058826e-02
3.93250767790e-01 7.65109675827e-01 4.06842552781e-01
5.61758953874e-01 -2.02000232973e-01 -1.07394087644e-01
7.10925139352e-01 7.04329632085e-01 8.04519547990e-01
9.96204580179e-01 4.81697923262e-01 -1.76535945002e-01
-5.36004762881e-01 9.46366641645e-01 4.37737810164e-01
9.58237178604e-01 -8.61020587320e-01 -2.20700610997e-01
-3.71440986810e-01 5.71466510916e-01 6.34988569485e-01
-4.18041410585e-01 7.87284332694e-02 -9.09921918022e-01
5.17379588223e-01 1.86763492034e-01 6.21091265055e-01
7.96361005770e-01 5.19227614402e-01 9.76147073310e-01
-7.11537722364e-01 9.77158389044e-01 -4.50631142338e-01
6.50576173165e-01 9.09929991658e-01 1.20438002572e-01
3.76563608356e-01 1.57334231379e-01 8.60640691063e-02
-5.59960217476e-02 2.26630406094e-01 -3.25358287117e-01
9.02932912997e-01 6.13641057915e-01 -2.75791215373e-01
-9.39906496061e-02 8.15396959807e-01 -7.95840260478e-01
-1.18249937481e-01 5.14743515064e-01 -3.51695217822e-01
-5.41600511196e-01 1.60793820937e-01 1.69346263245e-01
1.01098834118e-01 -4.51766079036e-01 9.96689717749e-02
-7.13505097997e-02 7.66936823617e-01 -7.87251107296e-01
-1.57856623250e-01 1.46401396555e-01 -3.29284391985e-01
9.44248371732e-01 2.68793856385e-01 -8.80784070064e-01
-7.55738829149e-01 -8.32946409394e-01 -5.37863245950e-01
-3.36432263877e-01 3.79861277239e-01 -9.00067075109e-01
6.75670946797e-01 4.95329236377e-01 -6.50766611868e-01
7.79384735869e-01 -4.18691753139e-01 7.03571136903e-01
8.04894509634e-01 -4.66659688608e-02 5.57654565926e-01
3.41484318181e-01 2.93776209137e-01 -7.05103993279e-01
3.36162917007e-01 -7.68146331314e-01 -8.76880544180e-01
-6.17482926518e-01 7.53284493346e-01 3.76678145200e-01
3.66449463352e-02 8.73468181991e-01 7.57066143564e-01
-6.49745438085e-01 6.70657929811e-01 3.44925998405e-01
6.80236079581e-01 -7.34569930348e-01 -8.72064265829e-02
3.58760446943e-01 3.50557530928e-01 -6.55067579660e-01
9.61891290714e-01 -4.10680857213e-01 3.41629005662e-01
-7.73101923882e-01 5.97047824225e-01 9.78286191811e-01
-7.98890541214e-01 1.74523071002e-01 8.75523763651e-01
-5.26777683537e-01 9.68005931921e-01 8.52652793216e-02
8.07768650263e-01 -5.87830517249e-01 7.54879621675e-01
-1.89731427091e-01 5.00623496017e-01 -5.57193200829e-01
4.86153192113e-02 7.32914938467e-01 9.81208153992e-01
1.10461622994e-01 -6.61912503495e-01 3.50605616975e-01
-3.69875736241e-01 2.49658664339e-01 9.22447397338e-01
3.29557056227e-01 -2.25815311645e-01 -5.12399650883e-01
6.78814483657e-01 -7.03524639692e-01 3.55359854808e-01
-8.85324221051e-01 3.34832546923e-01 6.78506107386e-02
-4.96871758018e-01 1.62470808794e-01 1.79060525810e-01
-5.38393078157e-01 -2.30132950111e-01 -2.98716704035e-01
-1.62316941266e-01 -3.03860921089e-01 -3.48722488316e-01
2.71021315489e-01 1.52260809742e-01 3.26246651973e-02
8.17250866358e-01 -1.08382850470e-01 4.68886405914e-01
4.92029586570e-01 1.11007296998e-01 -2.46538946986e-01
6.89927180153e-01 -8.65828175035e-01 -6.14469517774e-01
-8.83379886804e-01 5.93063771535e-01 -4.24964700558e-01
3.06166218271e-01 -9.71049344154e-01 7.22462560852e-01
-4.65812427209e-02 8.11853983352e-01 2.45739201664e-01
7.44061394475e-01 -5.57383731733e-01 -6.10233708569e-02
9.71661914127e-01 -3.25640333037e-02 -4.20377228139e-01
-4.40010139458e-01 -1.23731291445e-01 -4.64904029604e-01
8.00768329669e-01 -3.83479481276e-01 -6.69554517451e-01
7.67128560584e-01 -4.41399376579e-01 -4.87796397641e-01
5.27740133706e-01 8.08181621976e-01 6.86132203641e-01
-5.25588678906e-01 2.73974815977e-01 4.98150349361e-01
-3.66195491220e-01 8.01490820386e-02 -6.33764295668e-01
2.36698710936e-01 -8.99964470370e-01 6.54401893567e-01
1.16544304004e-01 7.62785518431e-01 -2.83872557471e-01
2.90436667991e-01 -9.96019479817e-01 -2.17663842820e-01
5.93110875037e-01 -1.91023208756e-01 5.32912915355e-01
-4.81999569331e-01 1.71468510838e-01 3.95088076310e-01
6.93879843547e-01 -7.73702231130e-01 -3.82269607569e-01
-8.15616276029e-01 2.36741367372e-01 5.55091121958e-01
-1.75633346278e-01 4.86269104987e-01 3.63679178694e-01
8.87788812578e-01 -4.72947809600e-01 4.31317493055e-01
5.05220260241e-01 5.25868227485e-01 9.01001050091e-01
-1.37789638312e-01 -6.75404366886e-01 -2.66817080447e-01
-8.41189087295e-01 7.22143422217e-02 -4.68983016661e-01
8.26864325361e-01 -5.12296007719e-01 5.86734658846e-01
-9.84392784529e-01 -4.39440818242e-01 -7.14464473405e-01
3.04424401980e-01 -8.19556421516e-01 9.72013169887e-01
5.41604529853e-01 6.79821805414e-02 -8.78684543017e-01
-4.02690702771e-01 -8.55881294168e-01 5.98000108077e-01
-3.00857575285e-01 5.67533469558e-01 9.47124178497e-01
8.16284868781e-01 3.77424237028e-01 -4.22233300015e-01
-9.53980177154e-02 -5.84981603355e-01 1.95085016636e-01
-5.93164475445e-01 -6.37362972664e-01 -3.66488797761e-03
-4.68423913917e-01 3.27454086080e-01 2.74496690032e-01
6.49219467141e-01 -8.22115733205e-01 7.60564948321e-01
-4.88792965882e-01 -7.92141724281e-01 -8.20319244554e-01
9.87009010737e-02 -4.63139177981e-01 7.18008482697e-01
3.74365049123e-01 -1.54833068678e-01 -9.88981348457e-01
-8.49095628527e-01 3.45426216417e-01 8.99489340326e-01
2.21365298713e-01 -6.62755452871e-01 4.63372369047e-01
-9.46449799438e-01 -3.40313845938e-01 -4.18182439366e-02
8.90253571742e-01 -5.73987528018e-02 -2.46745958108e-02
-5.60780034196e-01 4.72933738247e-01 -7.96597811299e-01
7.17649935613e-01 7.49905724893e-01 -6.02128591203e-01
3.11497491464e-01 -4.42420560607e-01 -3.35550253901e-01
-4.93423542703e-01 2.30648132614e-01 5.39610379161e-01
1.20354818702e-01 9.82558521434e-01 -6.25804585230e-01
6.57252624471e-01 6.17038691704e-03 -3.80417152951e-01
-1.20896389299e-01 -5.14426159446e-01 4.45915293622e-01
-9.60408379771e-02 2.49485613429e-01 4.24261175759e-01
-4.24249885336e-01 -9.56804589814e-02 -5.30646912535e-01
3.35173436131e-01 5.47334189316e-01 6.05062935317e-01
-3.48105198400e-01 -6.73060904105e-01 -7.32449274386e-01
3.77011258796e-01 -8.44765082861e-01 -6.22425099659e-01
7.63281620929e-01 3.66723031442e-01 2.43508237062e-01
3.90359121091e-01 -1.12119193707e-01 -3.69177008685e-01
-5.55652142761e-02 4.36885793431e-01 -9.47354459645e-02
2.86125268455e-01 -9.82847773462e-01 -1.42285143557e-01
7.52344618436e-01 3.00642565498e-01 -2.45968129135e-01
-3.21309371535e-01 -8.91957613589e-01 2.31893608920e-01
-4.83460537849e-01 -2.73822669533e-01 -4.26685802372e-01
-4.85903738758e-01 -9.02366754553e-01 8.52443866363e-01
5.80744632325e-01 5.06524202184e-01 7.76103689231e-01
7.38729512197e-01 -5.38516339631e-01 -9.26526161808e-01
-2.35993717907e-02 8.92064292865e-01 7.59698593877e-01
3.80605985122e-01 -4.04454255199e-01 2.35625930706e-01
7.42707741793e-02 -3.94513601155e-01 6.25605087553e-01
3.70807968718e-01 7.94252812767e-01 8.20383152841e-01
9.45309153733e-01 -6.57111901630e-01 -2.85989368002e-01
-6.83906195538e-01 7.01408983069e-01 -8.97775645320e-01
-4.50809307141e-01 1.75295763265e-01 8.99781067809e-01
-9.50026549376e-01 8.62672626908e-01 -8.43462494129e-01
-7.59203067869e-01 1.50301992032e-02 -5.69417917900e-01
-4.65464524676e-01 6.40264479742e-03 5.24591007514e-02
1.47016147686e-01 -9.52385143355e-01 9.33028489320e-01
-6.40816421081e-01 8.04332160300e-01 7.45399096862e-01
-2.00527092070e-01 -8.45795022252e-01 7.39676015330e-01
2.05321143011e-01 2.80127604157e-01 -7.57828714213e-01
-1.39530829685e-01 -7.03903325695e-01 9.98529695905e-01
-4.09088504226e-01 -9.89801963787e-01 8.40629807599e-01
-8.41639359408e-01 6.91328286050e-01 -4.67795283286e-01
-7.50073144096e-01 -7.21650623587e-01 -3.25214915595e-01
3.05233910356e-01 -2.29871179550e-01 1.32285059026e-01
9.71024099724e-01 -1.64886245115e-01 -7.20430965405e-01
1.41752040545e-01 3.04454782654e-01 5.15481195187e-01
-8.81699971334e-02 1.12188356515e-01 5.97696220315e-01
-1.79554976141e-01 6.72086732309e-01 4.97022294205e-01
7.39371352708e-01 2.46579802244e-01 -8.28734620395e-01
1.06292552830e-01 2.99769215891e-01 3.95543262081e-01
-5.04051061116e-01 -2.76144983841e-01 8.11100315215e-01
-1.56296064684e-01 -5.48163015185e-01 -4.87362035311e-01
8.54513893767e-01 5.68017118409e-01 7.40712662572e-02
8.65051602416e-02 2.55679886442e-01 -8.37307314313e-01
2.79538205489e-01 3.00210552896e-01 -9.58966064248e-01
2.40347098205e-01 9.49717995687e-01 3.57155493161e-01
6.79821817987e-01 3.92145154715e-01 9.08721607136e-01
-2.52404021682e-01 -1.21437137537e-01 -5.02422689694e-02
-5.32420738382e-01 -4.70799656338e-01 5.21204500236e-01
-7.78574152747e-01 4.31389510367e-01 2.78537952005e-01
-6.11843025131e-01 4.68898291452e-01 2.35480484662e-02
-9.39648020053e-01 -9.79806152629e-02 6.30061724982e-01
-4.33559412804e-01 -3.43877279825e-01 3.04671573129e-01
9.38059762091e-01 -1.60645203274e-01 -4.12484365707e-02
-8.65465289850e-01 -9.06090954275e-01 9.01316659479e-01
-5.52367321473e-02 4.29791475381e-01 -2.02513523960e-01
-2.31213133424e-01 3.97753735724e-01 4.48204909194e-01
-8.24039454490e-01 5.06484442161e-01 -8.85358816891e-01
7.59382252469e-01 -3.63486015873e-01 -5.91264207657e-01
-9.53900969566e-01 -4.65801769619e-01 2.73465173912e-01
-5.50337513699e-01 -2.67039297739e-01 -2.12732522382e-01
9.19686551168e-01 -8.37417474872e-01 -7.76146759175e-01
5.75268232997e-01 6.97815814380e-02 6.95323882483e-01
2.39846884850e-01 9.99947595410e-01 8.76739076747e-02
-3.92706317544e-01 7.67414268929e-01 -9.97939738444e-01
7.42815626665e-01 -2.76366635354e-02 -2.61547337874e-01
7.65913590214e-02 8.21761424570e-01 -9.38105979440e-02
2.50161546399e-02 -5.60428784490e-02 -9.48670156276e-01
1.98408348113e-01 1.36944891483e-01 -1.43324282553e-01
6.48983845324e-01 8.68157455636e-01 7.42274540356e-01
-4.19524571588e-01 1.11285307031e-01 -6.84835879917e-01
4.60035416977e-01 -6.07942386348e-01 5.26883063618e-01
-1.16946543156e-01 -5.61525723693e-01 -7.56512396856e-01
-9.38666593255e-01 1.43896195639e-01 -4.16651957397e-01
2.57600396526e-01 3.85699069773e-01 6.21770401309e-01
-6.94138330265e-01 -9.90742958146e-01 -2.56047536273e-01
-7.48595503973e-01 -9.64828117734e-01 -8.14419506031e-01
-4.38883658237e-01 -3.78132595391e-01 -8.24053675786e-01
9.51268401906e-01 1.16312093621e-01 1.84698975731e-02
1.11430416401e-01 -9.05382183336e-01 7.93303859324e-01
-1.17493062335e-02 3.98038815427e-01 4.41319235340e-01
-7.84320769731e-01 1.60825639572e-01 -6.48533397191e-01
1.25513986277e-01 8.08996264734e-01 -4.76543600893e-02
-3.19267644230e-01 -9.10136270295e-01 -7.13838870038e-03
4.76806211973e-01 4.78037958722e-01 4.55121819608e-01
-1.80678206114e-01 -5.15105267761e-01 -4.75722127816e-02
-2.27450807685e-02 1.17863518706e-01 8.28887040647e-01
-3.84112273056e-01 -6.43101485280e-01 9.19411748610e-01
-8.44137252236e-01 9.94484595021e-01 2.24074788030e-01
-9.67450743526e-01 -4.70825843267e-01 4.47592504065e-01
-5.02163412749e-01 -1.86718417884e-01 -4.18939225105e-01
7.42271668158e-01 -9.26923850517e-01 7.83866071973e-01
-1.41467820453e-01 3.57910556420e-01 1.01055125287e-01
8.57980568827e-01 -4.65669662443e-01 8.90878639599e-02
