sequenceInt
1203
947
1064
373
1963
1844
1235
167
1482
1908
1799
741
829
486
246
1180
110
767
553
16
1092
1376
783
446
1989
437
1480
1579
111
1242
547
34
218
1543
660
1707
780
888
1872
1260
1154
1765
65
215
679
1517
1648
872
1370
781
1972
540
130
935
153
1203
1801
1652
1989
1377
763
110
1779
1302
1646
883
1453
1661
1065
233
61
1645
112
343
1824
100
10
1866
1963
382
1823
632
984
188
971
294
1134
1475
374
206
1092
430
949
837
1074
1007
1307
146
909
1455
1950
428
1161
50
959
1450
471
194
1384
1065
484
1079
834
1769
299
826
513
1608
513
824
1365
383
1348
1940
584
854
1154
88
136
937
1976
1786
175
378
1002
1480
403
1771
374
975
1571
1446
1354
1736
72
1655
30
10
1466
1360
822
539
398
1869
65
881
506
1181
1733
1295
1001
890
1380
1989
708
1993
1802
474
1705
1519
914
413
193
1547
1117
969
281
915
741
180
367
787
1330
1268
300
634
838
1906
528
113
595
653
135
1259
1167
570
1565
646
868
1476
1933
1201
738
11
254
985
752
1225
1491
260
646
457
757
536
675
592
1890
853
352
662
1983
1789
351
1614
1370
947
1579
1727
727
1137
381
205
305
1194
743
1284
1606
59
908
1658
218
187
1154
1213
1141
1201
16
1717
1704
151
780
1656
1382
1210
682
1534
760
1648
27
1607
817
1711
323
1868
889
165
845
333
1235
109
914
1803
1560
686
801
359
1548
1331
1908
1363
832
1492
504
104
1576
4
1537
730
1382
1935
373
488
1479
1290
585
1106
1416
148
662
1549
1842
1772
25
1253
1112
839
333
832
1137
1472
1757
1549
1801
562
12
848
176
358
1391
797
1166
1796
333
1231
130
677
920
1445
241
1684
410
1459
813
187
1895
203
1404
708
919
1328
141
1866
988
1908
242
265
838
1270
1232
1141
76
1856
1591
1644
39
95
169
1812
1284
1784
50
1561
138
1076
167
1995
1270
678
1807
60
1820
1964
761
100
1278
1380
1603
1126
1460
592
219
1848
343
1229
109
601
643
373
1841
1542
935
540
1918
419
780
1335
662
1471
1522
792
1625
1250
726
579
375
849
1188
322
1196
1540
1523
307
1583
464
721
275
974
944
399
1026
807
1363
916
632
178
1164
1318
519
1477
1784
324
1968
1370
726
1200
798
207
1238
372
1980
1390
1139
141
1139
379
610
1056
1429
23
649
1468
776
913
1746
1078
1530
549
350
1076
988
1638
276
138
801
445
287
1172
332
97
547
1966
1598
145
1974
1947
822
1726
1036
1105
47
838
101
342
816
1869
918
671
14
1707
815
421
1249
555
964
463
975
1489
553
1065
551
1871
728
1682
1099
671
331
385
415
1080
684
1790
1954
400
933
466
1518
1609
1592
953
1408
1239
1024
736
1969
1622
994
771
1908
1177
1312
956
1628
231
1196
744
1453
61
1726
949
1781
93
303
593
25
1448
1753
92
1929
966
1746
758
1106
1023
192
113
969
337
644
1933
299
24
1429
380
473
1640
1935
814
852
1861
1236
405
669
1029
1189
1314
1314
1205
1036
1214
993
1450
421
649
1629
60
1025
1084
1277
79
542
390
141
899
648
1682
1717
1091
1697
1753
917
231
1077
1316
1500
1137
158
1380
186
1332
1374
1120
1151
1676
1018
310
821
534
453
107
715
350
1155
1232
170
955
1050
370
522
388
1849
1343
63
1657
233
1265
869
1537
60
1922
524
955
453
151
866
905
418
1340
82
1426
77
547
1926
37
1878
103
666
1873
1476
1665
587
439
1395
1287
1371
1026
13
744
1527
1366
1354
1054
1405
1509
1670
1737
957
159
590
285
714
235
1334
1237
1727
964
1254
964
1272
1521
629
331
111
1865
656
550
525
1112
96
1033
975
189
450
843
209
1383
1292
1530
1531
812
1694
1269
581
1501
1316
384
1490
1087
1387
217
469
1187
299
83
1537
1626
989
1438
979
594
1233
1038
1451
813
275
1000
1898
148
1514
253
1748
914
1502
519
1266
1117
862
1407
767
977
106
1111
43
1392
992
1879
1850
1542
1695
83
1346
1972
1649
992
1353
617
900
892
1221
190
832
1411
753
615
97
109
1528
199
365
1973
199
571
341
1822
153
620
1794
1669
1941
984
988
555
547
1052
949
1692
393
1305
1651
1184
1926
1362
1783
1649
1502
176
1037
1965
1857
1335
215
1465
333
1080
411
553
1760
446
583
1382
537
64
1156
502
56
1271
1330
704
404
1952
629
1754
464
427
1662
1346
1239
1492
341
823
919
571
1826
1061
1568
1890
1457
245
381
180
1288
182
1295
436
345
1824
719
702
1894
631
1147
1214
1437
1951
1785
1483
1438
650
1872
480
1557
117
248
32
831
1195
648
694
759
357
1210
1531
1075
519
101
1770
1040
953
1852
1753
814
505
105
1190
272
1733
691
1834
689
1261
1833
69
1855
524
647
712
491
1957
430
922
1708
43
1064
828
1008
1847
1808
465
221
462
371
1063
1770
1271
1358
1350
158
769
786
1226
1666
966
862
191
905
18
283
1779
1339
1859
527
538
369
1659
980
1184
877
1708
142
1999
369
1926
740
434
50
669
1400
415
112
587
1199
682
1096
551
1554
420
10
1899
1976
257
889
1608
1922
1621
1066
1377
868
1649
1755
1552
166
842
1406
1104
865
1903
1050
58
41
1538
1584
1087
1468
1879
729
1872
1723
1819
1019
599
1125
1592
714
735
409
1452
1702
140
1412
49
116
656
1123
790
1872
1116
1756
923
1866
994
977
1338
1062
314
772
1523
1726
1595
1554
271
589
1252
241
334
83
1070
412
651
847
1605
383
1896
1266
1799
424
695
1841
853
1917
453
945
125
986
248
504
1216
1618
643
82
729
693
1007
1079
880
1609
1653
91
476
625
1983
1405
1365
1775
661
620
1382
581
1140
1687
1219
1211
130
1004
970
1972
630
617
1886
1796
239
1623
1640
1114
12
1367
1024
906
529
310
791
486
756
1189
1993
1734
647
1414
707
609
947
846
1717
1475
1355
1485
986
835
1342
68
1214
1712
845
1470
967
1473
1023
1090
1196
472
706
1236
1343
193
1854
477
984
1731
771
1492
1053
983
707
1724
1573
1733
414
1021
429
1436
534
842
327
793
702
1534
44
902
86
1356
1314
820
1611
218
530
1866
1455
739
1432
362
1279
398
1594
167
1017
1396
1750
1600
858
624
1329
986
333
1647
675
317
1463
477
1881
147
167
1216
967
1119
115
313
1491
788
94
1444
1829
951
854
503
409
685
1250
1551
856
1023
1877
1558
757
463
1485
936
112
1001
590
1735
1760
409
1714
1823
974
791
1278
1540
1372
611
1854
227
1040
1918
564
1750
631
99
1483
1481
1376
1590
716
1999
381
1513
1978
1478
758
1009
154
645
1084
407
1653
1670
884
1594
1385
1098
652
892
664
1513
1624
559
1739
948
1281
1158
64
1951
1278
1380
251
388
954
1560
682
463
623
689
1736
1509
1944
1308
693
1028
826
399
1071
618
1800
912
905
1945
916
756
794
1369
1625
339
1180
643
687
413
961
1109
915
284
1658
1411
1371
601
72
1674
945
274
757
917
1093
561
849
548
1440
1350
1769
1454
1915
1725
161
1476
1707
1648
181
573
260
677
552
88
816
41
1948
1789
1537
180
1079
406
1461
1422
494
1066
1473
150
191
77
858
12
636
515
1154
1561
878
890
346
1808
676
1080
326
1131
1698
1538
1522
1142
1898
776
171
912
1775
297
174
320
1798
1210
947
1771
748
1991
1859
1814
535
607
1960
1095
935
1815
257
1516
1811
40
1496
1551
1246
12
1767
719
137
658
946
1691
1770
1729
1382
1160
164
631
1313
890
1600
1258
1194
1265
589
1553
744
908
1803
875
1710
1344
133
369
490
525
930
1772
1014
373
362
212
1686
1558
746
1212
810
1099
283
1187
243
451
232
1143
890
1279
1136
942
1516
1375
449
1762
429
797
1279
1760
1302
346
1872
1599
1698
1714
98
1916
974
1560
882
1800
266
1685
1588
341
1042
567
1647
85
746
485
842
304
1331
1235
352
1573
744
1970
1164
945
1287
86
538
687
1768
155
457
1481
1123
1707
415
1980
721
1295
1575
1896
163
648
1282
695
70
1077
73
532
560
1294
970
2
1456
135
1846
1716
101
214
914
1152
1840
669
1124
414
555
11
1800
1708
291
115
28
66
1228
1216
995
1763
1066
1274
244
967
836
863
1730
722
1351
1155
382
839
1461
296
1987
188
329
918
995
994
323
994
18
1549
672
1283
129
145
1070
982
308
1787
1693
117
791
1136
1564
1017
497
641
1479
411
551
510
1497
1131
1543
187
1043
1870
1416
740
1043
1133
1050
650
303
610
965
868
1475
521
839
630
938
765
1551
1524
26
471
1729
1086
1959
1390
930
1674
1089
1485
1479
1826
61
47
539
1814
1858
668
1650
884
197
1917
1795
1259
536
1278
1604
1505
923
459
308
1652
1244
633
1850
549
822
967
923
1467
362
1299
851
1805
276
1928
1330
1442
1449
1685
1753
1208
909
484
627
961
1339
556
533
38
1539
1957
1402
738
1020
221
1092
273
1031
437
840
1914
1650
1122
718
1727
956
1880
897
1058
579
1632
1414
779
1439
1419
1099
894
1127
153
1675
497
313
836
632
252
1471
346
1140
1979
847
1751
1312
471
243
524
29
918
321
612
434
1257
763
600
1669
1533
1500
990
71
227
1517
1044
1369
255
1280
1981
422
507
1987
515
760
1803
1580
1248
587
876
147
1383
605
323
395
1790
1425
843
1524
64
1956
1440
414
1921
1391
574
195
580
1434
871
962
1849
917
0
1863
425
1852
73
1250
34
1535
1514
344
341
1342
1602
1705
1449
1726
703
327
542
998
151
1994
646
468
1231
1847
1859
1998
1983
243
697
422
1775
1143
1526
1189
1664
1410
123
802
73
636
25
1400
390
1688
1417
945
1750
1339
1152
1147
423
596
1034
396
1153
584
3
1911
884
1153
650
1032
1355
286
1071
92
366
1042
96
67
765
1257
1063
1802
1321
1768
1342
1495
956
1925
145
149
1156
1538
1634
167
1989
815
81
511
1060
250
1036
119
1163
1194
1100
694
1445
1040
372
600
870
79
1792
1811
177
1622
1482
1864
1994
1680
1444
499
564
1082
1278
1557
447
295
487
218
908
309
560
1382
490
830
1476
982
1771
439
73
510
448
115
1884
606
420
1580
549
352
1098
1986
1888
1230
1725
177
386
227
762
1200
1706
450
1618
717
1831
51
1152
906
1434
1194
776
1142
1205
32
646
1553
381
1764
1282
382
1268
1367
1495
320
142
274
644
198
191
125
218
1521
1372
1589
416
1938
1397
383
1433
369
1312
1951
1993
280
1062
1328
15
106
619
910
1201
1369
659
543
187
604
45
477
1486
919
1287
1519
1832
122
412
1187
22
1063
558
1085
818
377
301
