sequenceInt
15203
2947
15064
12373
7963
11844
1235
167
11482
5908
1799
14741
829
12486
14246
13180
2110
8767
553
10016
13092
7376
8783
446
1989
4437
7480
7579
12111
1242
12547
4034
14218
7543
2660
13707
10780
6888
11872
11260
1154
3765
65
6215
10679
1517
15648
2872
5370
8781
13972
14540
8130
8935
14153
13203
5801
13652
7989
3377
4763
8110
1779
5302
13646
6883
13453
3661
5065
6233
61
9645
12112
6343
13824
100
2010
13866
15963
12382
5823
12632
10984
8188
8971
4294
7134
5475
8374
10206
7092
4430
949
2837
5074
13007
9307
8146
10909
13455
13950
428
5161
50
10959
5450
14471
8194
13384
3065
6484
7079
10834
15769
14299
2826
2513
9608
513
2824
3365
10383
7348
5940
10584
4854
1154
12088
2136
12937
11976
7786
6175
6378
13002
1480
12403
9771
8374
975
5571
1446
7354
11736
6072
3655
30
8010
3466
5360
822
14539
2398
1869
2065
12881
12506
7181
9733
9295
11001
12890
7380
9989
8708
11993
5802
4474
15705
3519
8914
6413
14193
3547
11117
8969
2281
2915
8741
8180
6367
8787
15330
11268
14300
10634
10838
3906
8528
113
12595
4653
14135
7259
15167
8570
13565
646
10868
11476
5933
7201
738
10011
8254
6985
4752
11225
7491
260
8646
12457
6757
14536
14675
14592
11890
14853
4352
14662
15983
7789
12351
5614
15370
2947
15579
11727
10727
5137
2381
8205
305
3194
2743
5284
9606
2059
6908
7658
14218
4187
9154
13213
13141
5201
14016
5717
11704
151
2780
11656
1382
1210
6682
11534
14760
15648
8027
5607
817
5711
10323
15868
8889
4165
2845
8333
9235
12109
4914
15803
5560
12686
6801
359
7548
7331
9908
3363
6832
15492
14504
8104
9576
10004
7537
14730
1382
3935
10373
8488
3479
9290
4585
15106
11416
4148
14662
9549
13842
15772
2025
13253
1112
8839
14333
2832
1137
5472
1757
5549
1801
8562
2012
6848
10176
14358
11391
8797
15166
11796
10333
11231
2130
14677
2920
3445
2241
15684
4410
11459
10813
8187
1895
8203
7404
14708
12919
5328
2141
5866
6988
7908
10242
8265
8838
5270
15232
5141
12076
3856
15591
9644
2039
12095
12169
13812
15284
11784
8050
7561
10138
5076
6167
9995
15270
4678
3807
2060
1820
15964
6761
8100
3278
5380
11603
5126
7460
8592
4219
5848
2343
11229
12109
10601
10643
2373
5841
1542
6935
14540
9918
8419
12780
15335
6662
15471
9522
12792
1625
7250
8726
6579
2375
6849
11188
8322
11196
1540
5523
10307
11583
464
2721
275
8974
4944
14399
3026
10807
9363
8916
2632
6178
13164
9318
4519
1477
11784
8324
7968
9370
4726
3200
798
2207
1238
4372
5980
1390
11139
10141
13139
379
6610
5056
15429
12023
6649
1468
10776
2913
5746
7078
5530
14549
4350
13076
2988
7638
2276
14138
6801
14445
8287
13172
8332
10097
6547
15966
13598
10145
15974
7947
6822
5726
13036
3105
14047
838
101
2342
12816
13869
4918
2671
14
11707
6815
12421
1249
12555
10964
12463
10975
1489
4553
11065
6551
5871
12728
9682
15099
12671
8331
12385
4415
11080
12684
7790
3954
10400
6933
12466
15518
9609
5592
4953
11408
15239
3024
10736
15969
3622
8994
771
7908
1177
9312
14956
9628
14231
13196
14744
5453
8061
9726
14949
15781
14093
8303
8593
6025
1448
11753
6092
1929
6966
11746
4758
11106
11023
8192
10113
12969
12337
14644
11933
10299
14024
9429
14380
2473
1640
13935
814
6852
3861
11236
10405
4669
1029
1189
5314
9314
3205
3036
15214
10993
3450
6421
10649
13629
2060
1025
11084
1277
6079
10542
2390
8141
12899
10648
15682
9717
15091
3697
11753
6917
231
7077
3316
11500
7137
4158
13380
12186
5332
11374
13120
5151
3676
5018
2310
2821
14534
10453
12107
14715
14350
7155
5232
12170
6955
3050
2370
522
8388
7849
15343
12063
1657
10233
13265
10869
5537
8060
3922
2524
4955
453
2151
14866
14905
10418
11340
4082
15426
14077
10547
1926
8037
5878
14103
666
3873
5476
7665
10587
6439
9395
1287
1371
15026
12013
14744
13527
9366
11354
13054
11405
9509
7670
9737
4957
8159
2590
10285
12714
4235
13334
15237
1727
12964
7254
12964
3272
3521
10629
14331
2111
9865
10656
2550
6525
5112
14096
3033
4975
12189
6450
12843
209
7383
7292
1530
1531
14812
15694
9269
8581
7501
15316
384
15490
1087
13387
10217
6469
9187
12299
2083
11537
7626
8989
15438
4979
6594
1233
7038
3451
14813
10275
5000
1898
14148
3514
4253
1748
2914
1502
10519
5266
11117
2862
13407
767
8977
106
3111
4043
13392
6992
13879
9850
3542
7695
14083
11346
11972
9649
14992
13353
14617
2900
892
3221
10190
10832
5411
12753
615
2097
4109
3528
14199
4365
7973
12199
10571
10341
11822
4153
14620
13794
15669
13941
4984
10988
6555
4547
9052
14949
11692
2393
7305
13651
7184
15926
5362
13783
7649
13502
10176
9037
5965
1857
13335
215
7465
10333
15080
6411
4553
1760
2446
6583
11382
14537
12064
7156
6502
12056
13271
9330
8704
14404
13952
4629
9754
14464
6427
15662
5346
11239
5492
4341
823
14919
10571
13826
15061
7568
15890
15457
8245
381
4180
11288
12182
13295
436
8345
3824
8719
14702
11894
10631
11147
1214
7437
7951
11785
15483
11438
14650
7872
10480
13557
14117
2248
4032
831
11195
10648
14694
759
12357
13210
13531
5075
14519
8101
15770
15040
6953
15852
5753
2814
505
10105
5190
14272
1733
2691
11834
14689
7261
7833
10069
9855
524
6647
4712
14491
15957
10430
6922
15708
4043
3064
14828
11008
11847
5808
12465
10221
14462
371
11063
7770
5271
7358
15350
8158
2769
8786
5226
3666
8966
14862
4191
905
14018
2283
13779
11339
1859
10527
12538
6369
3659
6980
13184
12877
11708
142
7999
4369
13926
740
4434
4050
2669
13400
4415
4112
8587
7199
14682
5096
2551
7554
4420
6010
13899
13976
14257
6889
5608
15922
13621
13066
13377
12868
5649
15755
1552
14166
2842
11406
3104
8865
3903
1050
12058
8041
1538
9584
15087
11468
13879
4729
7872
1723
5819
3019
12599
1125
3592
2714
8735
409
7452
5702
140
3412
8049
116
12656
9123
12790
5872
3116
9756
8923
3866
10994
4977
7338
5062
6314
772
3523
7726
7595
11554
10271
10589
9252
4241
12334
6083
3070
8412
651
6847
11605
10383
9896
15266
3799
2424
10695
3841
853
13917
14453
945
8125
10986
248
4504
13216
13618
10643
2082
14729
14693
5007
3079
880
5609
13653
12091
6476
8625
13983
15405
5365
7775
661
14620
7382
581
9140
5687
7219
9211
10130
15004
4970
3972
630
617
1886
5796
4239
5623
11640
5114
14012
3367
9024
906
6529
310
8791
14486
6756
1189
1993
5734
10647
9414
707
14609
12947
2846
5717
7475
7355
11485
14986
835
11342
8068
13214
11712
2845
5470
967
13473
5023
11090
11196
6472
4706
5236
9343
8193
11854
2477
984
3731
8771
9492
13053
14983
6707
15724
11573
1733
14414
7021
4429
11436
10534
14842
14327
6793
14702
11534
44
8902
2086
15356
5314
8820
9611
218
10530
5866
3455
2739
5432
2362
5279
8398
15594
10167
9017
3396
13750
11600
6858
8624
5329
4986
333
7647
12675
10317
9463
2477
15881
10147
2167
5216
4967
15119
4115
12313
3491
14788
94
13444
5829
6951
6854
12503
6409
14685
9250
1551
10856
3023
13877
7558
757
10463
15485
2936
10112
9001
4590
3735
3760
10409
5714
1823
6974
10791
5278
9540
7372
10611
7854
14227
15040
3918
564
1750
2631
99
11483
11481
15376
15590
716
3999
4381
9513
5978
13478
8758
13009
2154
8645
9084
407
15653
7670
6884
1594
11385
7098
2652
8892
4664
5513
7624
559
9739
4948
13281
11158
10064
1951
9278
1380
8251
8388
954
5560
6682
8463
8623
12689
7736
1509
11944
5308
4693
9028
2826
8399
13071
10618
7800
12912
8905
13945
916
8756
2794
13369
5625
14339
3180
14643
6687
8413
8961
15109
2915
8284
1658
5411
5371
12601
10072
7674
2945
6274
4757
6917
11093
8561
8849
12548
1440
13350
13769
9454
3915
9725
12161
15476
13707
13648
6181
6573
2260
4677
12552
10088
6816
10041
3948
1789
9537
12180
1079
14406
5461
13422
2494
7066
7473
14150
2191
8077
858
8012
2636
10515
13154
11561
2878
12890
14346
13808
8676
7080
14326
15131
1698
9538
13522
11142
15898
8776
2171
8912
5775
6297
6174
12320
3798
3210
14947
13771
748
11991
13859
5814
10535
607
5960
1095
935
11815
10257
11516
3811
10040
13496
7551
11246
2012
3767
6719
137
658
14946
9691
15770
3729
13382
7160
12164
6631
9313
14890
11600
13258
7194
7265
4589
7553
8744
12908
7803
10875
7710
15344
2133
4369
4490
14525
10930
3772
13014
14373
362
12212
15686
11558
4746
7212
10810
13099
12283
7187
12243
12451
2232
9143
12890
15279
1136
6942
7516
5375
12449
9762
2429
14797
11279
13760
5302
12346
9872
1599
9698
13714
14098
15916
14974
3560
6882
1800
4266
5685
13588
12341
9042
567
13647
14085
746
12485
8842
6304
3331
9235
2352
7573
14744
13970
13164
945
5287
10086
8538
687
15768
14155
10457
9481
13123
3707
6415
1980
4721
9295
5575
3896
8163
12648
5282
6695
14070
9077
6073
10532
10560
1294
970
2
9456
135
9846
15716
12101
12214
8914
7152
9840
8669
7124
14414
6555
12011
11800
11708
291
14115
6028
6066
7228
15216
8995
11763
13066
13274
4244
4967
10836
14863
13730
8722
5351
13155
8382
6839
9461
10296
7987
6188
6329
8918
4995
4994
12323
6994
18
5549
12672
11283
12129
4145
7070
14982
2308
5787
11693
12117
4791
7136
11564
3017
12497
4641
13479
4411
12551
12510
15497
13131
15543
2187
1043
9870
9416
6740
3043
15133
13050
10650
12303
12610
10965
8868
3475
10521
12839
14630
4938
14765
11551
9524
2026
10471
5729
5086
9959
11390
12930
11674
1089
7485
1479
15826
12061
4047
10539
7814
5858
8668
1650
8884
8197
9917
1795
9259
6536
5278
13604
11505
10923
459
308
9652
11244
2633
7850
4549
2822
12967
4923
7467
12362
11299
10851
13805
14276
7928
15330
13442
15449
3685
5753
13208
12909
6484
4627
12961
9339
12556
533
6038
13539
1957
7402
2738
11020
8221
1092
273
3031
14437
14840
5914
1650
3122
14718
5727
4956
7880
10897
7058
10579
9632
9414
779
9439
15419
15099
894
3127
2153
11675
14497
6313
12836
4632
8252
5471
4346
15140
1979
847
5751
9312
10471
8243
8524
29
4918
2321
12612
2434
1257
10763
6600
11669
11533
3500
8990
71
14227
11517
5044
5369
14255
7280
15981
6422
8507
1987
4515
2760
11803
11580
1248
8587
8876
8147
13383
4605
2323
10395
7790
5425
10843
13524
6064
13956
3440
2414
15921
1391
10574
8195
12580
11434
6871
14962
13849
917
4000
15863
8425
3852
4073
15250
34
7535
5514
10344
14341
15342
1602
11705
15449
1726
12703
327
2542
14998
6151
13994
646
468
9231
3847
11859
9998
1983
8243
10697
4422
15775
3143
1526
11189
13664
7410
6123
4802
6073
12636
2025
7400
10390
9688
9417
6945
11750
11339
5152
7147
14423
596
3034
10396
3153
2584
2003
1911
8884
1153
6650
13032
9355
2286
3071
4092
4366
9042
2096
12067
2765
1257
1063
11802
1321
15768
5342
5495
14956
1925
145
149
9156
9538
3634
6167
7989
815
10081
8511
9060
250
3036
4119
3163
3194
3100
2694
13445
3040
10372
6600
4870
12079
15792
1811
6177
11622
11482
9864
3994
3680
1444
10499
14564
5082
11278
5557
447
6295
2487
8218
14908
4309
14560
9382
12490
4830
9476
12982
13771
4439
14073
10510
14448
2115
5884
2606
2420
3580
12549
4352
3098
7986
3888
13230
9725
177
14386
227
10762
15200
11706
10450
5618
2717
9831
10051
13152
906
9434
13194
12776
11142
15205
6032
10646
3553
12381
9764
1282
382
15268
15367
15495
4320
12142
2274
10644
10198
4191
14125
14218
1521
3372
9589
14416
13938
11397
14383
5433
6369
9312
9951
7993
2280
1062
1328
6015
8106
10619
2910
9201
5369
2659
14543
8187
604
12045
10477
7486
919
1287
9519
13832
14122
10412
7187
8022
7063
14558
15085
8818
12377
10301
7433
7980
9540
14164
5543
911
13035
5706
4184
14621
15759
7441
7276
7600
1105
2956
11835
12549
11965
3947
9183
11339
8200
9357
7768
5508
6188
14422
11855
11885
15868
547
7770
4328
11268
7873
14606
4657
14736
12912
10058
13809
3555
8556
4992
9581
13874
12862
14729
4783
5249
11621
15805
13538
8684
6611
507
3320
6653
11200
9944
2942
205
15530
2038
1240
10481
15960
8833
3602
13700
14478
424
5361
8496
15379
14462
13563
422
4335
8869
833
4817
8045
825
13583
12766
2771
12763
9178
6360
6906
3177
3666
13100
12007
2633
3617
15403
4518
1608
2163
11366
15087
3867
11954
320
5104
2597
665
13820
12802
1198
6077
6900
7719
6034
2070
6056
9284
10026
3791
2862
13170
4523
7547
14995
11601
8047
5170
12879
8504
4876
1471
10688
12538
10579
12742
4651
14385
10059
6211
7424
8757
8891
6557
9245
15072
9680
8013
12579
3309
15651
7018
6695
8071
8182
9279
191
2149
1979
1249
9055
5827
9545
3253
14879
10681
168
8450
477
7786
3454
11324
11005
12301
13520
5110
11491
5550
12486
3393
11605
475
3935
14509
7832
2110
5117
9220
2949
14191
4739
15781
1611
7434
9524
12075
11418
6461
1296
2003
11874
10199
5924
5351
5918
7841
15013
14938
9759
7690
12991
13407
4926
4539
1329
372
15109
365
986
7983
8665
9304
4513
3917
1671
4378
13599
8587
6910
10384
9551
9918
358
5816
9328
6424
3505
11896
11056
7500
13219
7258
10206
5327
127
5377
3668
14564
511
15304
9212
15898
3749
10186
10901
9342
10755
709
6296
7696
3981
15972
14921
11776
15140
2937
8326
15800
2945
12459
8762
6740
6488
2011
15802
7404
13693
15678
3248
12007
9313
15533
6643
12290
2125
9575
9687
9502
1125
4278
9912
2009
14089
15995
14439
10954
3091
4885
2236
5121
7047
8340
2305
8440
11810
11563
13624
5102
2556
153
15286
6187
4190
13943
3597
3827
1877
12177
9878
3483
8469
485
1744
15686
13526
1930
10046
3393
10062
1097
2679
10766
5932
9244
6317
930
4220
11585
7105
5183
5303
3591
7292
342
7944
13627
7078
15334
2590
9962
14239
5673
14237
14112
14897
8542
5176
15528
15895
14917
570
2446
13575
15910
11888
15548
8260
4265
9395
4040
408
5639
8220
4902
989
7867
11902
6143
7243
8272
14458
6835
3945
255
2434
4238
13734
11930
5906
1145
6191
9890
6428
9009
6377
15454
5339
228
6707
15178
15266
4213
10568
510
14175
15723
6460
12263
15453
1506
5916
5520
15540
966
10378
14190
2458
14658
12145
6169
8743
1027
716
13318
797
3421
2247
11074
202
2121
1676
11651
10714
2992
6865
8371
11591
9273
9593
5514
15898
3745
7241
15159
8354
6175
1173
3925
6096
8917
5231
12361
1016
381
10580
15912
11373
11038
9809
2101
1767
5422
227
7583
8066
2164
13152
11604
11563
8471
12545
6652
2337
796
13874
5707
12647
15322
6789
13317
1080
6250
11483
14069
10769
5003
13526
2486
15360
13836
5701
14798
12011
11804
6986
15681
15360
12028
8766
11369
12564
9659
9088
12118
77
2048
4522
5588
13354
8727
2708
9135
6532
11015
9465
7703
10704
11686
7319
14844
7162
7049
690
15122
12058
1892
9167
353
3447
13074
3719
258
13639
9991
3603
14246
2554
4659
11962
13688
6418
11851
7488
14458
9060
8491
11632
12562
6507
15931
5885
1753
5788
2808
9040
1919
4150
13985
14299
8679
1274
15357
8991
9117
10562
7019
12813
11999
4281
6440
6263
7548
1602
2291
8695
5306
738
804
5007
320
9901
6260
1347
15271
2618
7025
13383
4272
4549
6654
10461
15283
10137
15906
15048
11414
11847
1944
3404
3867
5304
10491
6711
11039
3692
7420
8182
7643
2910
10338
15468
13208
666
7497
3412
13699
8640
15413
7847
2637
10554
8909
884
11297
4527
7836
2258
735
776
1143
3314
1509
9681
11427
5040
7670
10380
11542
993
10274
1350
681
8105
10351
12845
1478
15770
6269
8896
3530
9331
6604
10184
11737
14575
14889
12095
6715
13484
2776
10
8308
11580
13895
10131
14120
4182
441
15123
12548
3354
4320
10779
4247
7027
7528
11505
9868
3999
5791
13790
9756
2495
4696
9758
3132
13550
11768
874
2084
14958
1394
10785
7553
10026
10718
7671
2805
15442
5750
1955
13996
13993
10399
12095
729
9459
15025
14206
2977
13290
3690
8896
7224
5810
12725
15192
8791
5132
15034
5848
1077
9977
12863
4152
3977
14702
6598
2784
2026
4698
9498
6311
9089
4899
10192
243
2412
5573
14382
9477
5709
11937
15573
12993
2790
3602
13624
9671
8448
377
8775
2651
2327
9438
181
9488
13257
13801
3993
1414
14875
742
6647
1957
1113
5104
14903
14632
14022
11728
13697
11091
13059
7212
8014
9347
11250
661
6012
6386
7538
3794
1774
6548
9383
11819
11087
6741
8730
3813
5979
14284
333
2244
6508
13729
9681
621
24
7886
2043
6887
9272
4019
11288
3026
12013
12891
6927
10036
15444
5951
4720
10161
5282
1043
6105
3752
12269
11195
6271
8047
11383
15224
8083
659
13404
2640
10580
7184
10520
16
8409
7017
8449
133
11939
11566
3866
7393
13419
12028
13194
14480
9457
4966
13793
14202
15300
15227
1014
1646
10461
13676
2487
13818
9883
9448
7456
15214
7981
13864
2202
15692
748
13117
651
3158
6983
2236
9665
12555
2739
1520
8808
11263
4726
15113
15547
14581
11470
232
1983
4984
13994
13536
13577
6561
9274
13817
4406
5097
6630
14753
2352
11331
11934
8370
2213
11255
5046
12834
6520
2818
324
5844
5998
13622
14373
15440
14744
13316
9973
12983
6416
14670
3148
14972
15504
15560
13294
10724
5904
14067
14208
3959
3034
12888
1274
8645
12047
13224
14304
6795
2195
2595
8780
6133
12599
14891
11620
11890
9289
15199
5427
1731
1461
14881
8821
13922
15003
9201
11251
899
10384
14936
1472
1955
5805
6189
3015
15522
5287
14186
12583
5311
14523
14887
937
1442
14318
13603
6950
8796
1079
9593
10603
14642
7438
9148
14023
15476
2630
11266
1479
10200
8590
5972
60
8726
15510
12055
7888
14426
14496
8847
13413
15756
8326
7036
3518
12842
14637
11507
640
12110
12715
2848
1763
2314
13511
5292
15851
4443
6868
6497
10948
5810
14921
11635
2751
3213
15981
1245
5988
8293
9241
66
8719
4260
9797
9340
12794
6685
6566
13280
8693
1642
4219
8145
11486
4636
11559
3608
1431
13650
7944
13316
415
2997
2212
4506
360
437
5062
5553
14181
10707
9590
7158
12256
6393
12923
3237
11641
6514
7996
10576
4897
13029
2405
3488
7947
14394
9397
8641
12312
2047
5948
9795
10619
876
4192
13394
14186
1036
5492
7980
12298
6360
9999
9063
15810
9583
3250
6528
6757
6569
3039
11462
1227
5672
13305
8485
7789
15123
13623
12895
396
12553
13068
15726
8930
8326
13886
13534
3395
1512
9439
14428
12524
5664
15762
5164
10376
2270
7802
13477
12744
11217
13009
11672
1088
10212
13324
3386
2289
1627
10134
4381
15097
5627
13738
14079
14818
5419
3627
6700
12019
7798
671
3589
7993
2442
414
2334
979
6260
13740
12769
12040
7309
6158
10435
2486
10144
2994
3308
15630
12182
13993
824
7755
531
5873
10661
12624
3131
12094
13703
11702
15518
4895
3457
14071
9359
13882
5649
7039
11935
1329
2688
14342
6591
6181
13912
504
1651
4026
9476
2030
10200
15322
610
1924
4140
13247
13286
7614
5149
7288
13422
12454
1439
5960
5307
3506
6912
15966
12699
5634
9312
4624
457
11310
3590
5752
2543
4658
6109
8752
8893
7021
15203
15275
314
6862
15387
15960
1410
3339
7207
7909
3787
8384
9055
1926
3158
5991
4833
5361
12583
11103
3931
9798
14464
14579
14924
3378
5468
7198
7653
7025
828
7469
10378
9231
9193
3895
9542
1185
9670
13934
12254
13277
13485
2047
2100
8013
8253
9372
1775
1184
778
13812
3552
1024
5067
9137
14954
3188
6937
12866
1093
10441
5161
14232
3207
9065
5658
3731
8720
13663
1690
11783
594
13231
14145
306
7006
14826
1066
7477
12110
13432
496
4459
11637
4782
13670
10765
1126
2268
5720
11209
1393
7428
15442
13688
4046
7779
14250
6196
9292
9179
14827
12556
3493
12480
14130
10229
14790
12555
9892
14687
8747
6856
4470
14036
11018
5777
1155
12535
1660
8658
8166
5765
2037
3946
8065
8837
1525
206
5132
8539
12767
11629
15682
7554
1668
9045
5792
13316
13794
1833
9031
9407
10610
7620
14608
4465
3948
1589
15403
10413
14446
11551
3307
3634
12051
3630
12850
5022
10024
6202
5409
4047
2691
1821
1645
28
9824
9639
6972
2510
1639
15164
12068
11699
4812
7766
15622
6429
13141
5126
11738
5410
14216
452
13230
13166
7460
2352
11504
4710
12523
7021
14288
2564
9903
1228
13758
1749
8480
565
7107
10650
12241
15189
1874
4971
10835
9957
14031
15108
3364
11141
3075
800
5416
3633
15703
3751
1559
1516
4433
3538
1050
13084
2730
5012
3600
10394
936
5786
14449
15283
8462
1616
11326
15593
8030
2041
13339
12738
12948
3216
8283
9828
605
14750
13753
14427
9536
13753
14395
11457
13189
11524
13391
11390
8073
11776
12833
8527
6888
7329
15002
13732
3226
6509
13809
11730
5721
8310
3433
15105
2305
4188
11783
1400
12936
12944
2689
15487
11732
11097
2695
6043
8882
6033
12476
1751
12585
12674
523
6431
13884
10164
14966
12308
7840
237
10681
13673
14735
6219
9316
365
1854
1508
6294
5652
11280
9994
4109
5121
12373
9436
8920
15734
6922
3419
6821
6181
10444
9711
3849
12020
3296
1170
11773
730
14391
15514
3318
12425
5778
11267
11763
1795
4456
11167
9655
15776
13044
13025
2976
7405
8889
11864
136
5689
10618
11266
1024
3351
1690
9674
14918
648
8258
3850
1820
1137
6636
4444
10107
12877
10563
1920
13859
5358
8730
14010
6240
15272
14782
928
3021
11020
5748
10069
8912
14671
8049
14977
11343
8628
5170
8447
11604
14617
15107
1858
7404
2390
6840
1629
14039
5647
3098
14842
5403
8211
12990
3518
11613
10694
8668
11816
2555
14512
11367
15595
5512
14099
15729
7324
4812
6775
11024
7923
10422
1359
13449
343
14671
11650
11950
1941
1237
3259
15199
4991
4070
5381
7635
11037
4749
4129
6686
5049
2100
4434
2350
1106
7855
4611
11961
13825
11924
7400
12682
4958
1954
6
6494
6371
7565
7060
14406
4956
7260
14099
5187
5272
2296
703
8237
5623
10835
5976
500
3573
4833
5092
6327
1122
8711
15148
10765
1440
7812
2525
10296
15289
3583
8432
7325
10928
3067
12102
14137
4889
10873
3485
15460
6280
13507
7261
11211
5324
11882
11675
1107
8803
15216
6097
11210
9024
4852
6373
14827
6886
15617
10848
11414
11042
14402
6029
13656
6307
8011
12297
12373
14155
5902
5612
3184
3588
4515
8254
1121
15579
5171
15863
8239
347
15868
13626
9631
10291
6959
6175
3993
10312
74
10170
8114
13987
8346
2552
6927
2563
2280
1290
1234
10929
13241
5680
1096
9062
8467
7731
11420
12683
8576
1129
6649
7978
10691
2569
14241
5786
9853
6652
13555
8826
3622
13848
7962
15689
3109
7022
14952
9682
13646
5972
2855
6736
11370
13509
11641
1755
4202
213
2377
2647
1233
8878
4881
7584
9995
7747
3521
6040
1535
8012
15939
7198
4917
10481
5357
14559
14717
1281
2561
6605
13696
8766
5993
6259
10264
8161
13707
5140
10120
7464
13412
4526
7109
3002
7767
7907
13564
5120
15997
8499
13550
14018
11341
1105
6153
11329
5828
365
8857
7877
3580
6176
696
15649
7829
70
3274
5267
2584
14772
7830
13587
11826
15537
873
7680
2839
11904
3743
14497
3477
12254
149
10444
2974
4236
7240
13058
14659
13609
1901
14617
11062
11259
11933
9879
14099
2387
7529
14436
5813
15082
8533
15917
3937
1057
3553
6994
7991
10717
263
4485
3500
11642
10545
14048
5131
12568
13179
6676
5592
5559
1610
2747
2744
7934
6537
2662
1474
11807
3539
13349
10773
15335
5339
5938
12751
13729
10570
1029
7896
3877
4401
10129
2994
11670
14320
14476
2857
13717
9979
688
863
9020
2833
5234
14006
4399
245
3597
6910
13755
2399
15208
217
10579
11234
9188
13201
8708
7673
6770
10021
457
12147
3590
14656
1899
11064
1120
6616
6000
12916
1154
10299
11589
2390
10912
5008
3438
10031
11480
10415
4903
13655
9503
2789
11283
11198
1275
11552
4996
14420
12819
11101
2539
6498
10895
12484
5518
15417
6267
15522
6642
1803
15162
12040
10272
4776
4726
6345
9909
11446
7217
8368
2556
5913
8747
3997
10044
14884
10649
9529
13647
14859
5085
7515
14105
3723
3913
5883
8738
6714
1500
5915
14828
1431
10771
12800
1131
12575
11900
239
12936
9483
8850
14281
14730
15164
2056
479
1902
6733
14890
513
237
3119
14175
1835
9522
12275
3302
4463
2706
14053
4344
3161
9029
12979
1711
219
12553
12815
10692
6342
14928
5194
1022
8433
5470
14322
8577
2358
15378
15511
1250
15610
6398
13688
15729
8570
14194
6045
1159
12605
3607
11268
1821
2163
3281
6657
14271
9423
4251
14579
2908
1679
5736
5084
5923
8808
1212
8010
12210
1511
7068
11757
6279
3312
6872
6130
6942
3338
3098
948
6353
1470
1495
8908
11453
1044
4717
6384
6412
10151
832
1643
422
7040
14525
11850
6287
6737
10513
1981
7770
6052
14483
5972
11436
358
14759
636
9610
6347
2598
3860
9253
4635
11108
13014
10714
3889
13913
14955
1837
4132
5698
7971
10661
6792
6827
11287
15456
7432
3719
13505
76
814
2024
3226
6411
804
8545
2935
7766
12347
8311
15900
14493
4570
5406
13497
11000
10241
7697
619
3366
1151
2997
14267
13106
11284
3961
2327
8636
3439
6954
13803
5437
5688
12328
14320
11432
6822
15470
9794
7926
1630
6971
7487
14027
13672
15007
669
10297
8098
7431
13197
10003
11376
3568
6231
10042
14599
14767
8199
11863
487
8047
3674
6883
4836
13181
7928
9524
11249
10416
11615
14660
8006
7821
3794
8837
13753
2152
10801
2128
1180
7313
9240
6369
12691
2496
2201
12328
10249
11916
710
13114
3797
11380
5625
3793
9797
13656
1237
8159
9491
12812
3537
2611
3706
826
8063
7473
5299
14894
3810
13511
11102
6258
11859
3472
15551
10751
2476
2859
7240
8236
8558
914
6382
15690
1392
6891
15317
13311
1698
2584
5871
14424
12343
5690
15143
14196
10332
1554
2875
10873
2889
8157
7363
12153
1416
15821
2439
931
9464
13330
15594
11582
15525
7724
11416
8844
1145
8884
4768
2475
9094
11105
15371
2524
1544
11147
10667
6313
8521
13690
6218
7511
3773
14786
4447
2148
4210
931
11679
6841
1157
1384
4418
11402
9937
11342
15141
5206
11034
1699
3262
15820
14418
14246
10020
9117
1782
15223
5592
4797
7620
9476
10859
7079
3290
4025
6719
6036
14994
13331
14031
9164
11819
9070
2942
10470
15182
11551
14056
14682
7562
14588
9942
9623
9453
985
7251
1101
1911
12382
258
6853
7222
8987
5012
13903
9206
4237
15593
13703
9776
1474
6069
3490
7707
14097
14313
15521
75
2577
10986
15422
468
8467
14503
4219
9379
1613
3836
3336
1555
819
2441
15098
14671
11011
4250
12004
11930
12022
10977
6106
15420
982
1129
4651
15245
2676
9774
4649
9423
10944
14014
8583
14799
300
6706
12032
14284
4191
6802
4503
9235
12331
11548
15962
2245
13919
4187
2269
14661
2479
11153
6864
1217
11417
9115
986
630
3036
3575
11212
1254
11927
2556
3453
10757
1061
15188
5351
6526
3557
4258
15262
7412
10779
1117
7513
1939
5733
10467
2578
12957
606
10161
1977
11321
5205
7913
14070
7967
7513
9510
844
15161
12410
4368
2526
7546
12976
9268
2963
2484
10312
6407
13011
2695
2348
12603
11464
13912
2103
2643
11394
7691
13827
2780
2476
4194
11294
13966
3648
11740
13232
12023
1543
7924
13363
719
13295
2744
15827
278
15573
12925
11518
2200
15818
1214
9376
4235
1398
76
10754
2685
9766
5607
13800
10408
12833
10758
15933
15922
7873
3407
9400
12268
13288
9495
12495
391
509
4458
1405
1280
13943
9197
13627
2401
1169
11877
10817
7252
6596
4893
11729
4817
2485
4693
10712
2065
15276
2320
7364
8144
10420
15019
10940
9082
28
8455
5739
8636
15296
15267
988
13034
12694
10740
9221
122
8293
9929
15221
1044
13643
6830
4466
143
14544
6173
3662
5924
8521
10796
2404
10951
15406
4711
2715
5592
1916
9103
1304
5356
7003
15620
13244
11437
13345
8987
690
7997
11629
1499
15221
4020
13338
15434
8627
6183
14932
8654
6391
15780
2108
10352
1607
12520
7846
13123
3648
12947
9271
4351
13861
10780
3421
1743
15226
13049
10435
3773
8343
11816
14112
6946
4213
11995
15387
6102
12089
14431
14559
4163
6383
4048
14253
2298
9164
7002
11464
1525
3258
8599
11547
15916
12939
7184
12458
5105
10606
3704
8694
6067
6564
2409
11248
11445
3056
15806
9229
2358
10872
12618
9380
14333
159
6499
5519
11140
550
920
13488
11289
1047
5043
12354
7391
1458
2935
7571
2976
8224
207
6998
10705
3828
1317
8372
4327
8221
1504
1158
11625
338
12835
6403
9000
1478
4719
8080
8408
12975
6185
13128
6456
1987
14014
5945
4587
4125
1145
15447
14020
2602
3948
14793
1122
14267
13506
2022
13615
9616
1724
2856
11218
13532
5863
1142
2184
14876
11633
1550
6362
1553
5458
8266
12212
10537
15120
1092
10625
12136
8837
10775
4559
3881
1411
10665
12599
15841
14376
7909
12471
7703
8836
11877
6127
7905
11295
13632
2154
8598
4506
5360
615
9910
8173
5242
15752
2188
11980
7374
7738
13188
3958
10848
9558
5281
14523
537
11467
7170
2174
8958
15522
14096
1079
5982
5980
3632
2955
3648
14298
3369
9007
8095
9111
371
1784
15211
1356
15380
13822
12275
15330
10341
5879
3247
8261
4956
9906
9614
10187
3198
9128
683
7115
2699
7256
1042
4488
8614
7999
5420
12932
2218
1772
14161
5167
2287
3294
9366
3772
1557
8006
8955
8255
6121
6647
2135
15107
15611
1570
9776
1630
7273
14013
8165
10564
13917
11807
1456
15435
14985
9630
13699
3797
8949
6587
14886
7688
6833
14597
10363
8292
15678
8402
15555
5597
12635
13458
14608
10245
12285
9898
14374
170
8382
287
2867
11650
5416
14505
8634
7240
11531
3315
12696
11868
10917
7588
15766
11601
9735
11961
10472
3029
2856
8906
216
3601
1688
633
10698
1067
13004
12387
3085
14927
6647
15602
14134
9705
4299
12461
13269
9082
8349
5007
12552
5827
3634
5224
10553
6774
5794
308
8956
2046
14454
10844
6810
15758
557
12299
4112
10119
9606
4313
2436
4270
11687
7150
5484
6253
258
9594
2460
15777
3248
7770
7940
13587
6420
4754
9114
10850
10349
14418
12661
14319
8529
7858
470
5294
4294
14374
866
11292
8219
9910
12373
12845
8539
14253
13882
3482
2082
13484
13058
3948
8781
13006
11561
9532
2842
6726
14361
12561
384
7315
6773
12131
235
12493
9323
8352
3121
1590
2736
12724
2397
4676
1588
12208
2764
15538
9726
14515
6687
1117
14924
2238
1127
9771
13176
80
13443
1847
2369
12802
2594
8166
3297
14616
2283
2880
3329
7003
4659
13660
65
11919
13971
9872
11747
5949
10561
674
12408
9171
12164
11458
15105
15537
4636
14202
5038
4733
15638
10070
10431
10972
6889
4787
8018
4218
11339
6790
14980
12133
13535
15590
14016
7903
7677
13662
2065
4847
11941
15538
9542
859
14322
3720
2581
10594
6366
11935
5879
2156
4185
10632
13677
14625
12325
3216
3839
12406
4192
14681
4836
14388
1569
15303
3935
4697
9318
1897
1463
12435
1986
9946
5985
9049
13951
12148
6599
10216
1273
1196
14845
6206
8764
11792
10609
12274
9700
10960
6171
15492
7301
6863
3026
7522
11390
15309
1285
360
12934
9481
1410
6970
13220
11679
12968
4318
5765
8676
15217
13018
8107
8943
1219
2955
14638
4990
5202
3158
14157
9163
5728
6737
10627
9352
9780
2434
408
9024
291
6036
10291
7896
5126
470
13053
413
7062
7970
4438
14078
1826
671
2197
14138
6114
9718
11249
9245
15058
6190
1099
942
10845
9919
3805
6837
10479
5504
3940
61
10159
15026
2094
15793
5640
10242
11851
7117
9114
6592
735
5470
6123
10920
629
2780
15007
529
1547
1294
11102
7021
11488
6736
13436
8560
13887
4212
12032
13779
13334
9498
13898
5062
15820
8868
11313
9071
4393
5258
6052
7532
2120
13810
7806
960
243
1314
12933
11309
2488
5977
542
8327
2610
3119
5777
13024
8679
6219
14694
5268
4273
13341
14074
9253
6003
2883
6299
8900
11963
3857
15055
9442
11358
9436
10819
12199
2872
10276
5390
8088
7583
6017
9926
2117
13908
9917
2659
15725
3652
3729
14179
845
157
10197
15969
3163
3991
6463
3203
15175
12369
11814
14949
731
4427
8537
220
6702
4767
9005
13974
228
4984
3046
11467
2333
14675
9763
15455
3047
4151
1408
7936
15347
7844
2146
13205
8319
6473
5247
11229
11751
4728
9294
2775
2617
13699
8533
11449
13021
13471
15079
10591
3101
13955
1553
3364
4108
15979
13880
3875
6724
2093
7191
1731
11764
113
3094
6921
8920
4042
14658
15542
14878
5074
7283
10354
8954
13046
3507
9123
5536
14074
10360
15387
13882
10441
4300
13288
4075
6597
14508
5671
1040
15821
4858
2777
12472
13174
5582
14086
11125
2064
5414
4277
7410
13690
14128
12513
14819
7969
1410
2264
1007
4091
14643
14113
2968
845
12846
4955
10850
11916
8287
363
10312
6904
2443
12120
13531
161
7696
11779
9195
3506
7854
15567
9311
499
7312
14196
46
4732
7356
9986
1918
869
12255
13264
3830
9130
13052
1215
3658
3113
8592
2423
3290
8524
3735
5570
9877
9635
7928
4075
2206
198
12434
8458
10495
12939
11752
7112
9491
5624
616
6010
6302
12007
13233
2127
4991
5463
9600
4661
4965
12240
12109
1648
993
3913
9281
5604
12221
1539
7202
7170
7106
7142
11097
11206
12673
11036
6750
2845
8599
1341
9853
13074
5823
11588
6451
661
9811
3200
1490
5602
3225
3924
12183
7865
6523
3141
10482
4013
10494
15361
1781
14837
3794
1519
10769
5871
10924
576
1325
44
1744
7241
6249
9525
13951
766
111
12697
325
10322
9240
15041
9128
12515
12921
2483
8861
10596
1333
12711
3140
15472
8195
4975
12675
3285
2001
14812
13737
6591
3119
12250
6367
1342
7133
8372
2312
2096
14077
15321
7910
11844
12814
2450
14429
3403
15074
15041
5239
7081
14406
7464
6193
7184
10179
14037
7010
3521
5585
10497
13045
12296
694
10193
3092
3073
1881
5509
7719
6123
6913
12424
8768
5480
4758
3697
14342
15675
10212
10266
6612
13850
3649
15151
3268
6758
13896
5180
6357
13341
12815
14713
14726
12853
9422
6198
15451
13309
15627
13894
8387
7817
8489
15295
2587
46
9648
8897
370
994
13804
14425
2397
10478
12736
957
2234
4261
106
15839
5239
9121
14892
5148
5555
11408
8412
697
3487
570
12874
8780
11319
14237
10879
366
8335
11906
15650
202
688
7548
4150
12526
9172
13415
9695
7716
12499
403
10041
11986
12721
13351
2122
4740
5891
10783
9909
13714
13081
924
1740
15370
10516
5987
1352
1093
11917
7344
9519
12073
15312
6770
12492
4196
12433
11475
6215
12670
1449
12147
11425
4648
2823
13805
11157
13200
2886
1746
8411
13732
4588
2845
561
15312
2869
3305
10610
2077
1211
11683
4790
701
3644
7155
5717
6081
13749
8031
6659
11162
13957
3039
14695
3625
3151
3148
10621
8400
7212
7355
8998
2105
7967
7835
8188
5893
11635
10585
8417
6068
2353
2369
14985
9800
10663
5845
9743
7682
3619
42
5063
8178
8872
15948
9765
9000
4578
7659
3609
10013
6358
3788
3899
13694
1181
6478
9774
1688
2092
78
6565
13565
1787
14631
10012
6716
5998
3975
1266
1559
9873
14723
13997
7490
9301
15293
13307
9296
1936
5622
2007
653
2496
9252
7167
10388
12318
1955
3445
9342
5816
2500
12430
45
14109
14923
15658
1174
8869
6040
3861
8396
13165
15660
8276
12552
14195
7441
12673
4656
3308
11505
5094
66
7101
5354
7173
8327
7071
4548
15675
10469
15
887
2192
2844
13096
6600
196
15728
11042
15048
10563
13186
13847
478
9058
15197
14192
2855
8206
15029
3939
12773
8002
7404
10071
4343
3436
10856
6635
12924
15700
2707
2384
3000
6760
10514
1622
1499
12480
9336
11469
12537
4304
15395
4708
5450
3591
13149
13184
2804
11489
9134
2226
11427
6780
15426
15542
3816
4297
1921
5670
11302
1157
4099
14611
13673
12753
15783
15440
1055
10883
14831
11344
794
4156
9771
1158
11521
2150
9819
4295
5552
7611
2305
7375
6083
11555
8018
8259
219
13394
14268
11732
2293
12640
4017
4764
10879
785
9516
7911
11665
11534
11186
11874
14948
10121
670
15711
12689
7972
1279
7082
9163
14729
12922
7102
3706
8873
10713
5532
2680
11096
11589
1163
4945
11205
4096
4942
1760
6048
5936
2444
10704
11795
166
13844
9303
9257
13730
8639
14551
12997
620
9525
15840
3505
9210
6532
1565
5994
6729
10820
11236
13411
10783
826
2038
15465
4840
11486
4836
9501
6528
13558
11469
7599
3134
11578
1972
12434
5420
8727
1236
9081
8692
4689
4754
9577
9682
5867
7963
13134
7228
4559
10248
5436
6022
2473
15636
2009
12020
6461
1111
2511
9365
3175
15699
13157
12095
6988
13660
4299
11286
7418
692
243
8560
1612
5015
10158
8028
6131
2364
55
13781
12013
10695
3526
5593
15214
9077
2539
285
11067
4728
4420
5158
6456
10741
7151
1023
10227
15003
11476
5829
15505
9757
8877
9161
6646
8655
8700
7850
5646
10049
4486
5808
11347
15679
5867
2977
3477
11720
6870
978
5785
13179
11353
13785
7608
6784
8669
4807
14530
14182
13172
11877
282
11367
1261
6663
1157
11705
6544
10839
13429
5284
14757
11837
11748
9416
1132
591
3438
1215
14757
13506
14363
4388
12529
7996
4821
14483
3921
7827
10144
3322
12016
11575
10315
164
2846
2774
12180
1079
1387
13780
14121
10256
10692
8918
1875
8307
12580
14485
7536
13793
5908
7768
4963
11478
198
6671
1782
8801
15432
14477
9756
946
13496
15697
2952
12716
9790
9616
13143
12612
785
3417
13086
5184
9696
9502
8622
2238
8481
5824
13895
9615
31
5680
473
10498
4863
5013
12683
14281
12247
940
12769
4501
8291
5658
9258
4223
937
10586
5590
1099
15302
11567
3172
13365
9304
7929
10083
13736
5215
698
15739
4721
468
1787
13516
11599
9816
5630
15154
2390
8146
11616
4762
6272
1781
9001
10447
8714
11206
11110
3595
11480
7882
8776
9202
3099
2953
11914
378
11198
13407
8337
3929
12190
5427
10045
1213
6526
14249
7542
8523
13830
12276
2730
13579
9140
12727
11432
9514
8916
11864
4978
10707
11655
14272
583
6607
14053
13242
3665
8984
9677
8308
1946
10523
11857
7531
9276
2179
13059
1393
10319
9273
648
8107
543
14706
11842
260
12626
11899
8977
8266
4933
2014
648
14722
7316
8565
5433
14877
3782
2027
15649
8664
8736
13490
15016
13147
499
8753
671
7160
6515
15020
5777
7656
6778
2502
11339
11550
11761
5824
3649
2158
9675
13873
11115
9904
5748
7718
5819
2381
13128
7572
1367
9321
4342
4361
4237
1612
5065
6208
13261
13241
7595
1676
13002
15726
3401
11041
8458
9547
7049
4268
8643
10945
10623
3883
13670
453
12407
14542
12311
2841
3879
8244
14284
9370
3659
15402
15437
11509
9788
4998
7392
12353
2447
13340
10765
14745
8477
13844
4658
12616
8712
5392
11434
7065
15015
12880
12386
5157
7592
15294
9851
6489
15326
7781
185
1181
13574
12853
8567
15812
5836
11858
11160
10820
4608
5860
9907
8687
4246
3399
8858
7250
1762
15233
6193
4842
1538
15321
2577
13443
517
9508
12750
10988
8667
6912
5393
7510
14245
4413
14787
14534
12471
7502
11809
13221
8196
15228
13379
11353
5906
2330
4668
15479
1082
11428
11290
6476
10277
14465
12947
7731
13328
5219
9720
7655
11461
11477
14429
10095
8115
9461
974
5296
13184
15932
12576
3347
2811
14517
8818
8473
6127
995
4232
10854
13895
14961
5059
7720
13145
7226
3609
15952
6198
11498
3156
3941
4152
9473
1558
3056
3771
12465
11718
6537
11010
13495
2386
5590
10803
10198
3151
14359
1860
15757
12904
4392
10112
1009
9086
7340
7141
13387
11661
13057
8866
4639
10717
13954
3310
2887
658
14703
1851
3478
5168
3518
11901
13442
6260
1492
5657
314
10695
12000
4156
5014
4765
8922
10252
3659
14921
9931
15367
1916
15877
10440
8921
2416
12377
14261
3115
2035
215
13758
12634
12499
11332
9514
6573
4032
6203
14437
5957
14035
5155
3661
8277
13949
11742
6442
9075
6383
1171
13915
5715
14053
2214
7141
11171
5775
14945
11441
12326
12274
9637
6485
2956
615
14679
433
15581
6079
7931
9506
13602
15372
8891
3044
14047
7032
15315
6688
748
692
14847
12979
489
15786
11705
14680
11055
13568
10607
2329
15437
11449
3017
986
4636
10830
8184
12728
12282
15862
14037
6278
10125
5799
12037
9369
8371
8603
9924
13729
9816
7044
8689
6358
1253
15798
3843
14637
7677
7604
15604
2464
1111
8888
1873
12659
2284
853
11105
3497
3553
4840
14994
7695
12318
7411
7412
143
15169
8495
11968
5793
12021
12771
8344
13393
13487
5991
99
10776
2748
8507
1344
2563
13386
15787
10765
1311
6119
8851
9895
6641
14362
11278
12033
367
11677
905
7907
10936
13207
12919
13109
12588
11360
12671
9549
10940
3184
13421
13519
12399
5523
13318
14550
11932
15690
14274
9344
4156
10243
12664
15867
7764
7638
14974
10972
6906
12680
9924
6466
8993
1701
9990
2267
8213
655
11582
2234
14801
6905
10866
6296
2914
7140
13226
12598
1388
10700
154
4037
5342
14230
8306
14065
745
3572
6191
36
14417
6148
9778
12534
9596
9294
2747
5130
187
9583
4522
9243
10192
10547
13072
3289
9155
8236
9539
4778
8509
4297
3973
3978
6464
3986
5331
3675
13822
9714
4559
14299
10684
8982
679
13561
15038
6181
14872
5355
8178
3071
15600
9886
12904
13887
3373
9425
4024
5491
5882
10318
13929
15934
10547
8007
10242
12628
12874
1466
4040
5624
8730
15981
6123
15397
13009
12478
3946
1971
7053
7640
5529
900
10872
1708
1538
13774
312
11369
152
7682
7183
2077
15112
872
6050
14020
10212
1049
10846
13676
1864
13484
3965
5259
1616
3839
6018
10380
12438
9809
7236
8041
8087
14693
11416
8499
10255
2873
12798
8519
3744
4996
12521
13436
5521
9454
13231
5890
7270
5231
11110
3841
153
15425
14420
1421
10207
10004
3174
6200
9174
4449
14539
12871
1544
4254
4272
7050
10062
14838
2684
1632
4508
10940
777
11242
9548
10790
3897
946
9226
14681
7050
3547
6093
13811
13219
6589
860
10013
11333
5587
14326
4202
4488
12730
4682
2479
6327
5000
2360
14157
4187
13786
15130
717
7395
9033
15083
6602
12636
10805
12274
10484
2268
2708
10440
10818
10042
10291
462
1157
14765
13367
14815
15105
14608
9901
12028
15848
7339
10525
13061
15210
8930
1147
13740
6355
11265
6162
14949
6138
11556
12979
9787
5497
3004
15351
12683
13285
12785
10221
6958
2002
6285
9209
2768
1963
9545
4996
611
861
2841
3157
11343
10206
11301
7423
8399
1150
12159
1273
774
11013
9387
10764
12330
12665
140
11538
10558
12014
14697
4567
12787
7228
2206
7198
7281
1770
7841
13703
205
13980
11939
6310
14340
10903
274
3540
11764
13268
5978
11367
10452
13513
15276
14975
7694
11181
7709
11347
7221
9499
1652
10143
7834
15280
3135
1198
15503
9247
2924
10547
15667
1188
9838
11909
15750
1688
2389
2609
1727
2568
7839
12284
8963
7930
5047
2028
6480
8441
3354
6065
4839
10644
7732
10562
14878
9055
745
7168
12337
7276
3197
9265
11612
12149
6996
15402
7134
12413
14285
2035
12198
741
8084
12328
13743
8554
11880
7625
8890
6118
349
2192
1769
11309
15529
15372
9674
1584
9077
6363
1921
7823
6952
5458
12811
13219
3062
7847
7975
10728
9016
2282
6464
15710
4638
1816
1060
12628
6683
47
14521
3347
4769
13179
8558
13056
2922
8221
11778
12463
1375
11077
13870
2107
702
480
228
6772
14351
2636
10236
209
8207
5977
4204
1113
5467
11072
7424
11861
8308
3804
9053
5672
4821
1318
2769
3982
13530
338
13068
2765
2200
8863
14084
6940
14677
7443
293
7424
14429
12152
473
3580
293
13832
1156
4957
6939
4434
10778
2175
4497
1284
1529
1121
6765
6148
1350
3544
11149
4409
11459
10249
6735
14
13413
4380
12195
1358
6459
15276
14695
14739
13336
10154
10207
13822
10114
8031
7449
6119
4928
14744
526
6867
1188
13279
13703
15892
15232
2039
14844
15450
9881
8404
7636
6136
12534
10676
8715
7581
9414
11717
10236
1450
9731
5508
10325
6456
15008
7093
9705
5264
10873
722
14478
4809
4308
781
377
535
10955
15400
8949
4577
7207
10193
5613
6791
6639
14984
7571
3237
2334
9220
1585
9184
15444
13376
9915
6493
12183
2472
2798
13876
7445
15771
7644
10088
4539
15208
5730
7599
12224
4225
5314
10358
5178
9835
6189
3908
6179
10843
11967
8701
1692
1008
15829
468
14065
2797
15569
9939
5096
10151
14848
6667
10950
10656
15616
12910
5180
348
6714
13217
9188
10272
7194
9663
510
3711
14777
8210
2230
7987
9687
11780
15963
4691
12973
1644
10846
5390
12037
4519
7518
1609
1007
4989
12011
5092
2154
15109
11945
8120
4142
3528
11390
4566
7815
10308
9417
9717
5173
7874
5309
8579
421
11503
11785
15856
469
2365
7273
2121
14324
4825
9910
11188
12390
13855
13467
2367
11932
9156
2063
10862
11770
3912
15418
890
12885
10988
11178
13361
864
11383
7857
1092
1967
4251
5237
4187
2484
7075
15487
7203
1546
5496
6176
3328
10120
5850
15185
4017
7745
3823
2811
11713
4767
5752
10573
974
2983
199
4377
8517
3263
5099
12508
8134
5222
483
6374
3487
15451
10150
3045
15165
7346
12714
104
740
5428
8058
3439
4279
12377
2582
4195
7073
11425
13567
4748
1589
10185
4446
5005
10279
8302
5923
2284
15925
15820
6253
8899
14438
8627
10478
5575
6444
12758
14328
9492
12088
13610
7192
8189
2688
12649
13059
9782
1334
2557
2724
779
2687
5459
15741
3973
8496
3829
15034
13617
14251
6049
1523
13735
8641
7826
13893
5477
5011
7451
13252
5304
5965
14442
11624
1175
2881
14129
9716
10879
9905
10070
10700
3868
14250
11410
3299
5414
12874
7021
13982
5940
3419
14194
8034
9821
551
9803
12610
8305
323
15010
1468
6020
2269
7180
2010
5600
14979
7371
13945
10834
14997
4736
11864
10602
8846
13048
4005
12634
6204
366
4090
4032
6789
13152
4101
6840
6324
9864
15321
14421
7884
11625
8700
79
14028
7756
7732
3949
5321
15651
5084
6408
6167
2657
2178
10144
9079
3106
13643
3411
9347
15034
15475
5488
845
15092
8344
13405
5059
15071
13263
11087
11925
4627
5344
3086
1471
8507
11392
3565
6803
5666
2672
2028
11991
10430
14568
3114
10634
14539
7928
13193
6737
9870
1007
5135
10347
3412
15967
10797
11184
13138
10331
4690
3085
117
1110
13392
8562
3901
11982
9077
8913
620
6250
12338
1925
15220
1603
15160
15196
12569
3532
12972
13977
6920
4357
8105
6352
3330
15488
4490
6170
4690
7852
11261
525
11390
10896
76
1356
11682
3537
12131
12427
3347
5427
10422
4423
8703
11880
1810
4034
12417
9200
12627
1373
15622
3812
8477
4056
3400
8880
2692
10181
7417
13873
9473
6335
14712
14553
9310
6135
4387
10362
777
4003
347
5574
3360
12088
318
10474
10012
13124
4960
4288
5959
7106
2806
7759
4690
4679
4687
5629
5227
1143
9773
11276
15799
1841
15415
1686
11602
6619
15577
3678
13845
5200
12349
6254
425
12157
15129
11557
5140
13460
6334
5035
4654
10246
14139
8140
11806
11568
7021
576
13061
4179
6058
13009
13736
10338
1166
3390
6935
3837
7443
12791
12971
9090
1390
959
4214
1435
4152
2555
5046
5642
10659
901
13626
5406
15602
10184
14884
6249
9087
591
15909
10647
129
11792
2070
9095
5043
9255
3834
7024
623
8685
2280
9558
13399
3458
2602
1074
1192
9082
6445
15627
9774
2318
99
2093
190
4749
11884
8598
14972
14998
2785
11116
11848
10903
9139
4604
2392
5567
2816
11144
11578
12629
1603
15089
11580
15588
12470
5816
7343
7041
3592
2942
15910
11445
12822
1515
3934
737
12042
12847
7466
11181
12444
4717
13004
15760
5411
2632
11617
14512
11198
1543
7327
7903
1536
3319
14190
126
12481
8200
3253
12817
9064
9932
7739
2228
1560
3819
10444
4114
10532
10629
2743
7410
9683
3136
12388
8166
14394
3921
13646
15364
9612
7423
9120
3518
13006
10664
13614
15123
7144
4502
5823
13517
8952
3092
6776
3421
619
10899
12963
15564
13063
9595
7250
9794
788
10775
1680
7477
2894
14388
4887
4311
3451
4314
15580
13400
15204
8848
7064
14701
4909
1422
7962
9340
14070
11231
12618
1131
11856
11886
6332
9021
9441
5288
2506
1207
8803
15865
3226
4129
5940
1854
5551
9101
1951
2557
7122
9754
9385
343
11957
1219
57
1214
1962
15194
12524
12013
14260
920
7751
9865
2652
15553
9355
2580
1323
12910
10150
5870
8668
4329
15001
14814
9502
9797
8434
6179
3027
556
9513
4499
4833
15230
10913
1885
7099
5587
6442
14837
6821
1151
7694
8198
830
11679
601
11833
9530
14343
761
11372
6397
15521
160
5742
12574
9262
15330
749
7930
6422
1398
12700
15535
7452
4559
10951
9963
4430
2031
8559
12962
11161
1286
11257
4314
9889
10703
8063
13230
11854
8566
6793
15445
4269
10888
15571
6391
7381
6978
14023
13127
5929
10444
7175
12444
2785
12638
4797
15597
10994
5636
6667
11047
3863
6936
3549
996
12908
10726
2452
6711
7382
9428
8699
11747
7557
6051
6066
10503
15129
1356
5452
1874
4594
14662
6121
2000
13235
718
1758
886
8382
248
10262
4449
1457
4999
10814
5685
7529
11467
4597
13650
3855
7618
15973
8320
7770
12500
12522
7312
13579
1029
4470
2380
3307
1321
15922
5046
5642
9705
10166
8082
9136
10795
1006
6730
15443
3638
11995
9890
3025
899
5856
4920
13298
6862
13313
5581
5311
14090
13713
14430
8051
9639
5374
3274
6282
3440
7058
15257
3231
14867
1736
12874
1824
9178
12736
10892
14146
572
4561
4212
6289
15522
11610
9944
12704
1872
7473
1813
8168
2023
11346
15209
4500
426
3220
11017
3572
12117
14496
4429
1169
12570
14606
4389
8094
12468
154
14274
15372
7444
11903
12271
12375
9702
11561
9048
13534
5400
6381
7377
14196
15297
8586
3150
3300
9408
3123
10792
13341
5222
10064
11536
11865
10419
5888
9458
14553
13797
6916
9852
1502
14607
10071
10734
4207
433
6160
9132
5752
14822
13424
5053
5181
3257
15372
8296
14509
15156
4655
5248
10760
9956
12276
2873
11484
11241
12673
15600
8797
13630
517
6369
6104
13899
15829
13563
8994
1028
4364
11865
2078
5089
14349
10361
9585
13049
11126
4240
2373
596
6115
8462
6663
993
1001
12315
8283
1664
14884
12965
1978
10225
3942
5074
4605
1163
15408
3932
7814
6562
10091
5501
2336
6807
9797
2314
3804
6561
10591
1556
1894
263
856
11534
4021
1032
4438
5574
7457
10434
2671
12765
10128
6839
1981
3267
11154
3153
455
7969
12616
11930
4213
2826
9777
2412
13634
1645
4836
14077
9952
5280
13020
7905
1443
10761
15467
8264
13384
10172
8910
14701
6864
9297
7694
11272
8993
9390
11283
5418
506
2810
9506
92
6679
13475
8710
15807
8689
12963
6009
14203
9914
15130
481
6260
12550
13182
12917
5447
1851
1569
4418
1566
8271
6584
7436
12736
12705
9457
944
12101
3240
5216
14633
4002
12736
9640
10676
4514
10126
10707
6435
869
9765
13935
4880
8151
14355
12496
6687
2572
11972
728
6332
8513
5511
2587
3584
8280
15054
388
6010
14630
10270
12936
12799
9834
6645
819
9404
9926
1217
2304
5206
12079
11899
2289
4294
9975
8065
1650
8989
3503
4541
15961
3535
15245
14174
5083
2204
7815
3999
3021
3438
1594
11833
3447
13823
9222
6043
1964
6915
12822
6344
2839
6358
6325
15246
8998
14830
8072
15602
12164
6749
9760
3197
14236
6842
2704
14894
6575
8730
10727
11172
13111
6166
6757
15501
11626
9013
6609
11293
15952
15407
1677
4813
9091
4670
8631
7547
2711
11920
6700
1396
12676
10952
14
13546
13782
378
13065
1445
5366
13233
5594
3360
15974
5714
9370
6725
13080
6024
601
10565
10076
4869
8122
9842
8948
10479
15671
1007
676
13119
9473
1139
293
7588
10976
485
2050
6490
849
12295
7513
9471
1526
8217
1032
15096
10885
11957
6369
1393
4098
11310
12826
1600
3345
4475
10921
1294
2715
12430
14815
10749
6888
2150
2524
7625
12561
15569
2799
15855
15728
9577
7596
7263
15698
4254
4135
13728
7014
2152
11573
14111
5954
2274
12088
11978
12961
5436
1286
15157
13438
4130
407
9689
11369
6090
10723
14097
15988
7546
4008
3996
12690
3791
14469
12744
11234
4919
11620
12592
12437
10456
4895
14940
1114
7327
13306
11852
11923
5605
13023
8438
8558
15118
12268
8836
15162
3952
221
6014
9522
184
13601
4867
1093
15359
5685
15254
4519
2632
9855
7942
13485
1172
8584
9175
4567
8747
3519
12533
1
15970
3872
5174
4421
14029
4438
13865
12311
6547
12493
39
4661
15248
5680
10054
4409
7148
3968
10695
936
807
11794
3479
8516
4319
7854
1234
1467
15663
8009
14549
15687
14556
360
14144
12380
4695
7289
3131
782
12088
1766
3838
9325
5891
11350
11446
3178
2532
15909
8676
9171
8362
9255
2809
6827
1876
12206
8476
9574
9951
6747
2899
4088
14361
255
4212
5601
9394
4351
5150
12561
7448
14363
8643
3595
11843
11336
13180
6007
2417
5533
7215
3351
3486
15747
8966
1433
5182
6849
3242
15629
2979
1171
4133
9726
12583
6900
2002
8880
1517
12142
3407
7069
2853
14401
12674
7490
3336
6391
11336
13327
14443
8400
7100
10742
11828
15960
10788
8650
13570
14919
8934
9885
7386
5086
10349
13878
5530
2534
5936
11506
11949
8675
814
1856
13345
6857
15579
10963
4313
4327
15650
682
10970
701
7637
15359
2263
12343
7136
13584
9570
6149
7589
13833
662
8925
15915
11349
11935
6188
13869
10658
7824
1880
80
7687
10592
15960
9674
7162
2235
5155
3540
2015
9422
6533
2099
9346
10484
14619
15524
1829
9565
7964
8235
5063
12417
5403
5072
3001
4487
10300
7438
14991
14804
15926
2944
11493
13743
65
8755
7547
8833
10354
5287
2042
14747
9920
8777
4862
3103
14901
1994
15510
15297
14488
15253
13136
10172
1941
15408
6732
15348
10806
12002
2500
15774
4757
15472
83
10973
14668
9315
13155
4753
3648
14747
7671
10804
15039
9113
10769
15689
4737
4648
12190
9687
4380
14846
13006
10375
6911
5337
8554
3311
12224
10598
107
1187
12313
6483
6864
6745
7406
10304
6155
11467
14215
6381
5572
6622
12349
859
11804
9146
2044
8833
12820
9361
5133
8966
9259
11128
11943
10225
5217
6593
3682
15254
4590
12216
6131
5712
13684
2422
11120
11275
3900
4757
6510
10860
2666
10061
1079
4790
12457
4874
11904
15856
15960
2247
2376
4815
8597
12669
6350
11883
9123
3617
14442
3370
3977
1794
2284
2027
3689
14857
1457
1217
10025
7894
12048
14027
2644
1178
15718
1903
11679
10576
4350
2965
8262
5821
6541
14626
4800
13909
9279
12539
10978
10613
12770
8555
8953
1186
1919
7847
9669
9257
3863
7863
1284
2437
12562
3638
6630
7774
5218
13038
15705
12330
4725
1526
13601
9953
14883
12196
13115
14501
4390
3928
8352
2677
13758
5093
10967
13409
11730
1922
15670
15817
1023
2167
211
10286
7210
8093
3604
4127
9406
15143
11569
459
9550
5057
3866
8451
1627
11133
15734
15015
15235
10750
15769
464
7096
10897
5067
11355
5970
10170
6275
6476
12073
9146
8661
5733
6451
3497
13385
7918
13314
9733
2438
5824
14742
2437
7199
14062
7319
6372
14106
2584
13016
7948
12090
10948
10741
9010
6730
2086
661
15352
10071
15101
12580
14022
11175
4454
7703
4147
11748
14881
14406
10314
722
11954
9833
13292
4167
6741
669
13584
734
10837
6116
13191
14997
14282
4923
11873
8980
5012
14867
6254
10153
10268
14406
2509
4003
2005
4374
6315
11653
11180
3892
8238
9954
8802
14510
7954
9969
12683
14360
14528
7077
7807
5459
6137
11190
9528
3075
13886
14456
14639
11416
11408
14083
8603
5975
14426
9532
384
14951
12892
7940
3726
7147
4207
5775
15262
13669
1969
15404
13346
6060
14591
9563
4300
4617
1569
14130
6209
12636
2200
6915
8296
1276
4123
14995
8642
5374
11798
12653
9972
15627
2718
1710
12629
10919
12411
15752
4347
10110
11433
15801
15267
6692
1919
9665
12802
11356
11487
12614
12924
11602
10065
8233
14675
8686
8216
15581
275
15042
6846
8079
111
12248
4898
15838
2879
9663
676
5862
13552
12390
5883
1184
8217
2350
4852
4403
15776
14812
3592
1281
14841
8889
1191
12623
13259
3898
13900
869
11164
8610
3355
14131
8934
8262
11524
135
13971
4870
3707
9508
13993
15942
11575
14170
5795
7455
13788
559
7164
15442
9440
5182
8104
13135
4931
1112
13350
6893
11043
397
14124
15048
4522
12014
14912
8050
8742
6929
10419
29
2825
10193
2147
6252
12992
10679
705
8923
15254
2156
7568
12996
4106
9894
13471
10389
5207
8694
6595
15811
9970
3854
1893
1442
1064
13835
9565
5994
4243
231
10772
5983
12488
8376
7068
11328
10927
3649
4166
3488
3924
8378
15254
10251
3220
8423
3376
5334
3940
15162
14982
14631
613
11120
5699
13425
10306
6654
14381
13409
106
4294
7875
9468
8776
14406
4572
10112
100
4010
14378
490
8050
8456
12266
7518
9489
3036
3757
1158
13929
10979
11828
5531
15624
8089
6999
4469
13944
7014
4794
6490
2312
3418
14788
6320
15202
15911
8343
15211
7205
6739
2041
7093
15342
70
9293
7428
1529
3392
3137
8329
563
14910
12705
7248
10494
5875
5134
14349
10745
10682
15723
10614
4781
7317
13607
2536
3974
15803
4076
6380
12393
10891
7120
13323
10166
5798
10987
14286
2801
4348
2911
11921
2563
15475
1404
10649
1741
11254
14444
6542
8075
14881
5373
186
5818
12538
11795
3940
7268
6904
12536
13878
6139
3393
7575
1995
8077
5395
3797
14660
8634
14483
1859
15155
8810
14865
1021
1092
720
1562
6179
5660
9461
825
1460
7403
8363
12979
5563
10623
12685
15718
11442
3377
15140
1823
4274
9968
552
5222
13465
1634
181
7139
8390
8633
3895
10289
3200
11358
12312
8605
11992
10765
10272
9502
8987
1616
4780
5522
6303
9374
8582
6551
15334
2070
7415
5113
11358
8530
13872
9348
3443
1219
7346
11103
11578
3402
14571
1522
1806
3144
10767
12001
13862
1463
3669
3812
13601
3689
1588
5530
12562
5232
4531
3035
13796
12816
11555
12056
4601
32
863
417
4944
10076
10483
14514
1592
14505
9144
2822
8945
15931
3228
6960
5002
12846
12806
4018
12912
310
5003
4767
13897
13747
9957
15270
8790
14571
3971
8949
15216
1769
3720
934
13466
8071
3010
7303
15142
13876
5202
11761
2774
6333
10383
11248
11618
1207
6093
9092
7960
15054
14567
2496
13647
5601
338
9874
2063
2372
6024
6940
1895
4712
2692
5924
11005
9211
3780
11152
4213
6397
6726
5541
10608
8257
4823
13141
4868
11845
2695
13378
11679
12609
4671
11889
9637
12949
15848
29
15435
9331
14935
10308
13272
10974
9804
4137
6375
1895
15060
7326
276
153
3155
252
10935
2430
3089
15248
15202
2272
12036
15273
502
12572
5034
7426
3667
15685
11364
3929
10923
7603
4685
5174
6716
6276
6851
8500
6794
6064
9105
4493
13801
14422
15932
12176
7968
5208
1447
8085
2723
7777
6337
223
1854
14817
5451
15173
4656
13687
1293
11570
1062
11516
14083
11124
13902
13413
124
14192
12261
6170
5326
10999
12045
3279
3848
9921
15184
14434
2727
6862
15330
11471
12130
10869
12052
3857
673
3959
15937
6769
14308
2581
9967
9524
2898
560
916
12965
14559
4543
3478
6679
9374
4791
6285
9040
15955
9140
14739
9350
14925
3254
3009
4850
13006
3747
90
8554
7593
8416
15995
12301
2658
14572
624
9305
15611
1969
12880
12211
11826
6881
14570
1331
937
776
62
12023
11057
12418
8729
15285
6721
3194
806
7697
6438
2635
2973
1470
11746
6115
4516
7008
7018
13734
10582
10807
4299
13641
15782
6793
14822
427
15309
9873
2167
10522
15295
12448
5981
2894
9172
4143
8470
11419
4109
12562
9579
10825
9613
10757
12156
7493
2651
2653
7995
11214
2421
498
7142
6203
15546
10885
15352
4879
7460
9454
9730
15005
10363
10707
11022
12573
6371
13871
15724
15533
12608
7465
6327
10518
4744
12048
8131
7142
15757
1357
1420
15588
10118
686
2462
5484
2316
13539
853
11096
13792
3964
2617
4905
1172
1702
2903
14854
10423
12010
5411
8718
12005
6768
5852
15946
9162
5468
10311
10807
1686
106
64
2188
4145
9700
5657
11551
1844
2948
13398
2951
1234
4500
6309
2179
4328
11742
14084
4716
10287
3590
5395
1685
3719
14318
8873
2645
7227
15645
3477
2229
14808
61
3167
6029
4159
4255
11542
2719
6008
2039
3240
342
8662
4285
1054
4923
12022
8453
14951
5628
7971
14033
4353
1005
15147
4301
4916
13711
4920
10091
10829
4033
11741
15301
3937
14935
1470
1671
15170
13953
14164
13083
2639
4561
11837
8295
2568
15242
10396
4075
6386
9150
15765
7479
13815
9393
13502
6551
8892
14511
13577
6117
1271
5067
4915
8735
9194
12582
11535
6500
14684
15774
11733
11429
10392
15344
2255
2030
7295
9012
4585
15014
7671
13674
10806
2903
6656
9628
2665
8401
14427
3678
11956
15682
11500
12421
5549
13081
10981
9218
2510
4422
1276
4653
2043
12429
14508
13261
6427
2734
15579
15306
7477
12217
4016
4758
6691
942
9943
7636
3428
6367
12524
13264
385
14681
9901
7148
12823
6283
2640
10855
3494
661
3871
501
8050
11318
15378
6632
7601
13564
8381
3500
10320
14024
6615
8079
85
14852
2598
9261
4366
145
9336
15896
3237
6554
7496
2190
12700
14218
2382
9348
14192
217
4699
4519
8907
1648
2134
3378
12869
3571
5473
1311
9414
3817
13879
15856
3700
12541
13185
5178
4843
3853
13325
2787
5697
8847
7809
12553
5289
14322
3416
12165
9826
1284
1152
9963
1851
11850
2310
8890
4679
5735
860
15509
10891
6134
14817
9827
15994
7453
6904
14629
13400
5355
14242
10837
15338
5629
1116
14202
11114
659
10337
3385
3727
13724
4664
12183
9775
7923
7436
11232
2159
5433
10530
5030
5527
10956
12138
13045
14308
14023
5716
9559
270
11299
4712
7183
9814
14341
2774
4866
5833
11354
4524
12841
11290
15576
9320
8517
736
10700
12
7873
6394
7105
5140
14552
14275
1240
2083
6507
8058
4328
2865
7427
1657
2613
11582
7176
544
9076
13411
4320
6996
9018
718
12887
712
8816
9941
13208
1737
3849
1815
15547
2251
6012
3999
14977
10162
10370
6042
8898
1347
14755
6322
2895
10541
9988
1473
3249
4562
4395
9911
7086
9273
14525
11877
13301
14891
10204
12770
3867
3672
12935
11202
6798
4949
10080
14889
2024
7542
14322
6898
14940
10600
7527
816
8131
11082
6709
14590
5737
14552
531
10303
17
14322
13305
9624
5452
1407
10621
12900
12848
9810
1602
14080
433
11453
9693
1189
14139
15380
8484
13081
8377
1715
1462
9302
6339
3479
7573
28
3713
1286
10686
829
15601
9248
15571
10493
9260
2248
12175
223
3431
7775
211
14715
6085
9306
13305
14608
4346
12640
14090
6058
10733
2797
9910
5563
15478
13469
13060
10397
2847
5572
2388
11786
3618
1616
9369
7801
4745
6309
176
12345
8895
15554
6938
9497
15639
11610
5894
7588
14056
128
6252
11799
9675
11695
3757
1010
11920
8863
13950
13070
9598
11234
14005
12385
1480
6959
2431
7985
13060
4267
2078
3717
8903
14943
12692
15815
13874
8934
4876
2636
5116
4143
4297
184
9060
2370
2760
13675
9674
12772
5177
13814
15660
11185
5223
6846
1018
6496
8580
662
9610
5961
13837
8288
3787
2554
12923
13620
13157
5766
9309
10246
14596
4578
11915
8719
8068
14137
10065
2029
10226
15501
4873
14604
14044
11213
10687
9161
13518
12390
15461
11369
10300
2421
2006
15680
307
12836
3587
4454
2776
9349
2675
4879
12939
7457
15427
11737
2910
4415
15137
9869
14321
926
7342
8279
5838
880
4812
9243
6721
1164
9986
5919
9724
5925
9420
9403
1307
3225
2217
11340
15440
15370
9825
9106
9477
7337
6393
5544
5055
10893
14448
15837
7040
6345
5149
9650
14606
9631
7275
14999
9500
11562
11454
13437
6129
13726
8725
14356
15106
12438
11546
9724
11198
15553
1355
9799
15814
513
8886
15340
14757
2970
65
5741
1083
1542
8913
13531
15278
15014
14802
5599
13936
9085
6690
6872
15289
10281
7014
1353
4160
11591
11509
1933
1586
13685
7674
632
6585
1373
7289
9758
2032
12512
5371
5887
6098
11027
25
909
2943
3201
2969
4074
14208
14482
7441
4271
2722
5769
212
10697
4401
8525
13170
5625
13069
8463
14262
14955
4453
5825
3220
11403
6723
35
12836
2224
3867
12066
1884
6934
10219
11870
9536
9128
833
2092
10355
14545
5520
11051
8526
15850
3315
12448
14346
2631
13575
9762
3976
1203
9112
11282
9527
15964
9355
13396
6649
1174
10962
10730
11982
8522
7657
11993
15157
3733
12385
2721
7713
590
1762
5662
5291
4638
14474
12402
13095
5991
5420
10822
13542
10038
8206
10779
9229
15986
10084
15657
7001
273
11887
11848
9856
13695
6253
12136
15977
15373
12888
11423
7860
6884
7962
15694
3829
10561
5707
254
7070
5509
12666
4502
2576
6051
4018
9296
8874
10515
3985
15863
1642
9155
5772
192
1664
4643
11157
12553
9793
6678
13347
8295
7011
4944
12086
12479
12444
12278
9918
11217
12075
15913
1180
10476
7915
9163
4408
5332
14097
3160
14028
769
226
201
981
7922
7588
14602
4889
11066
6600
13537
12074
5031
6143
4510
10544
14472
14687
8707
3071
6690
10377
5714
152
4325
13108
4293
11602
1479
7497
7424
2917
2688
3273
9759
10294
4945
2372
14694
13934
189
5747
8974
15747
1334
9713
15529
14834
11217
6466
3462
5542
7511
6742
6790
15981
15780
7125
9884
1821
13015
13390
10689
15828
15966
11232
896
7439
14871
5376
8380
786
552
2262
6463
9985
10331
429
1582
12848
612
12901
2188
11110
6515
2074
7164
3310
14023
15760
2514
10753
15551
7939
13937
10447
1648
14114
3610
14682
7064
6854
15140
3639
11509
1643
2713
15265
6562
5802
1398
15718
8039
14452
10953
6426
3200
10026
15973
14619
11645
12169
9079
3365
14100
8
10904
3721
13872
10604
14094
8800
1015
9771
8816
2512
13398
13547
13835
3918
6300
5160
12318
8672
17
14858
950
13043
14260
8803
9327
15511
710
15923
13320
8279
7386
7738
12885
5369
8422
1422
8756
11313
15548
5768
10358
9189
15375
4937
15982
8791
3143
1761
4904
6186
4962
8998
6615
3343
6791
11277
7610
8146
228
8017
6657
3820
11309
7430
1202
11588
1122
13364
3791
4836
5310
10346
7634
12394
2831
15298
11678
14758
3152
10618
3009
7389
10256
268
3480
8117
13196
8573
6568
12027
402
8722
15504
11901
308
11377
12845
2136
6090
5901
9282
7527
11538
7600
8959
12567
13127
7953
7080
3951
7576
12876
9992
11490
5754
10894
15249
15764
12698
13890
10113
9213
1967
12732
2982
8561
13339
5289
9026
8108
1796
13072
3813
1261
11998
4494
6479
7550
5404
13614
12883
8965
12105
8030
9383
13795
5218
8135
1709
8181
79
13194
479
9306
9755
13506
9105
6477
14361
3413
15089
10877
2699
2398
5483
2647
8530
13983
4722
3276
15522
7759
15103
6071
15919
1924
6479
1247
14002
986
7329
6074
4464
9352
13719
14717
8093
915
14120
15396
10914
6547
5648
8826
13705
1994
959
7777
5255
12721
9382
2360
6241
9971
2221
2669
7035
7440
4001
1555
8437
13928
6419
10783
10540
3302
2131
7588
5734
8706
11875
9650
12134
931
7538
3035
7510
10852
8336
15822
13806
5889
5615
4894
12120
15999
13006
5255
13727
11193
12173
3485
15426
7379
13273
11014
743
7815
6010
12016
6504
1102
9507
11080
270
466
6574
8491
11698
659
4663
3919
3977
13160
707
920
2501
1518
15352
3729
3769
2742
2243
4885
10135
14373
12450
14858
14752
10224
1594
244
1963
6785
1843
14870
6205
7894
9059
8511
4243
9667
12213
14654
7408
10574
11516
5763
12065
2302
690
13352
14588
9202
6641
9368
15728
15992
3889
4593
13653
12172
1650
12983
12677
10518
9781
1352
14486
9550
10092
5949
5812
13049
3793
185
9440
11564
12546
6932
15768
10311
9860
3934
13367
4968
10905
7030
11096
13524
15820
5372
11942
11134
1856
3680
4269
15076
1436
4980
9358
8347
12146
12715
1122
11454
1280
239
8128
10644
9121
8180
7884
7647
11858
15787
1313
15304
4877
3782
12694
5363
2468
1599
12538
11208
15284
8632
6494
7340
4178
9465
3164
11031
5056
3103
3073
8499
2461
10453
8857
14752
5041
5683
4999
15413
8792
4181
8692
13142
407
6900
10447
7313
14933
10009
11217
4215
10235
12094
11370
6743
13046
6704
11050
128
8212
10067
14519
6294
13685
1266
12377
9254
9018
2511
13653
3465
2691
3137
14347
1113
12077
3302
6650
12403
6481
4873
6692
3563
2450
11002
9701
3628
252
586
14402
4389
7402
14442
1375
1154
6585
5662
11249
6520
10384
6133
6057
6085
3627
14903
15860
7390
5893
2374
10902
13983
12218
13772
5936
10390
10353
800
15260
10165
7951
15899
1619
8330
9180
1521
2795
13375
13038
8748
11783
107
13542
6454
8506
1487
15784
1
2173
8277
9088
13950
11625
4955
802
8267
896
2794
14032
10837
8822
3127
2396
10113
13164
11586
15735
13213
2712
3669
3270
11622
8916
10214
11468
13603
4852
14134
6765
9988
11746
5605
2694
8331
2214
8066
12853
3160
9747
8696
14385
12527
13275
12924
3585
2552
3021
2312
9881
14293
9055
100
6628
8155
10794
11425
10980
2877
15213
73
8035
10213
7220
3857
6563
11009
1549
8290
13457
3146
7988
5123
15756
12945
2549
5686
14410
11034
8610
3875
4127
13497
10511
93
15953
7795
2292
14705
1504
15887
9621
3522
14000
14359
2714
6960
249
4967
9253
6338
8076
6380
10219
734
10223
8808
8221
10772
6955
13167
2701
13387
141
8479
14613
10357
5534
3745
9123
11281
2268
10954
3109
5535
2512
6311
259
11398
15238
6071
11864
12724
4183
7292
2873
14485
12095
2658
44
744
9458
3194
11663
1732
959
986
9590
14419
1063
593
7487
9724
3155
2610
3753
13281
15761
6590
5461
4128
3911
8205
7067
15739
1426
15675
4789
442
820
11595
3125
14457
9959
6155
11917
10136
13436
1338
4034
7987
10482
15691
11848
6223
8377
4416
6936
13692
2926
15796
7100
13113
14558
8367
1117
742
5975
6463
70
12946
408
9200
11461
3895
10873
7598
14890
1915
1063
15357
7548
13758
12978
2898
4300
8386
12237
3525
1179
9866
4984
3722
8014
5178
11276
6921
7106
8840
3238
10411
13336
11100
12497
3521
13174
3353
1191
8323
13621
12928
1042
14481
15695
6886
4776
9437
11977
12459
10646
15676
3556
9455
9616
3514
9961
11307
6369
9793
11938
13320
14029
11918
6900
10882
11214
4270
15186
15600
14103
10420
6358
4061
11036
8081
4108
4227
513
12815
7290
11205
1054
9122
14664
1206
6908
544
11898
4691
12791
12268
14804
8143
10998
12097
9612
15421
3536
1236
5318
10984
14214
7064
3063
3726
13097
9569
2236
6372
1378
1206
12012
9013
6132
9021
15066
2624
12002
6393
12500
5888
453
7548
10229
1561
5359
3150
12556
3812
7758
11785
13271
7177
14192
3305
107
4925
13500
8920
8849
13580
11815
15442
2832
9072
5972
1674
743
8897
4511
15132
10281
14558
9512
9747
12972
4548
4030
2744
13333
6255
3624
1192
7503
9436
14186
8920
15749
9821
4358
9724
7706
13222
7101
3961
11148
5052
4297
12102
13690
11818
6430
2845
2114
7216
14015
6711
12639
14865
10675
1680
1677
2609
10068
10079
2260
2765
12837
3463
1772
7748
7946
4691
1139
9088
3297
12414
5649
10461
13231
12778
3955
4639
7208
4366
9838
4241
13851
11902
9793
9614
12660
9182
1484
11167
7569
12578
15705
15419
10043
15868
2938
6660
2987
4478
6326
9732
11681
5524
8410
14279
6693
3177
11324
10547
14846
11991
10833
11417
15498
11983
12585
15573
4759
1888
8911
1704
12941
7465
12886
6046
9090
9800
14205
13315
495
13779
10984
4015
8442
14719
2251
8982
14858
11966
10560
2230
891
1091
1013
4261
14041
4424
6168
1756
8592
10987
5316
8355
3544
1353
8028
11881
1389
7895
13447
2404
6048
13035
6975
5875
12673
12040
11633
9786
3228
10757
5400
12100
14327
1451
13532
13321
7569
2359
2580
11094
7052
10135
9440
1303
14151
718
12195
4982
9734
14863
9349
9615
7095
10466
7204
9156
5839
12206
3113
10650
258
5481
5295
14408
3400
4889
5632
8947
2370
2903
6014
3679
15510
7332
5435
3681
642
14380
14951
3832
7760
4569
13690
7656
12654
495
7321
13213
2921
3837
7243
13973
9520
982
1336
2067
15058
2069
10445
5040
11891
224
12473
11539
10996
13378
14615
8061
5929
15923
10482
14710
6896
14015
2971
12989
8384
42
4740
836
12351
12805
4172
15632
13758
12267
1167
9699
1649
3855
5643
777
14768
9762
12729
11190
11313
15274
12135
663
2040
14492
4842
6876
7599
9724
5923
1553
12925
8464
11849
14763
3639
1673
533
4077
7421
14641
12207
11021
12757
10418
10423
11303
3780
4181
11349
5114
4346
12141
3764
7854
2451
11469
9300
575
6901
1668
13642
11910
946
12415
12971
925
15143
8321
7962
5459
14413
7404
13678
765
1599
8757
2478
12715
6261
11340
3029
3548
9160
12775
4943
157
14799
10728
6856
14170
3313
6568
285
2753
12008
2123
4380
5289
11370
1344
10176
5110
5975
9463
1098
262
12789
11116
13672
14817
12852
10800
10468
6691
7984
6550
15739
2932
14561
13446
8531
4418
4425
9842
13638
14542
1280
15801
2815
234
4813
15373
3982
6900
12001
9325
8065
4101
8916
2514
14629
2343
12356
11905
3422
12100
1487
9377
5804
8561
10497
3383
960
2434
9711
11376
3446
15816
6296
13413
9129
14818
11033
8289
1174
4445
8589
13066
12492
15410
6385
11181
163
2404
10676
4131
6405
5101
7776
6981
6802
11434
1140
6218
880
6431
10670
10504
10001
8010
11305
7203
14603
10245
14510
7295
7362
9096
13951
15923
8324
5418
4591
10580
920
3922
6085
5165
10236
1498
143
4280
3015
12968
8475
4510
6612
7323
6429
3515
13008
15051
3928
8525
14614
6632
3909
15839
7499
11006
12454
2915
9897
2419
11340
1124
11071
3186
4713
2164
2440
15197
2482
6438
1133
3149
396
14096
6581
2418
2159
11194
362
15476
5688
168
7918
3874
5755
2350
13755
9285
5664
7576
12252
4330
6614
13338
12059
2232
15158
5157
14363
15111
2910
5646
12502
15968
15740
495
8355
13757
6484
10697
664
7774
2544
196
2799
1696
4497
4254
7015
12053
8410
11382
8090
8611
7154
14096
11400
11358
15373
14295
3913
2007
11571
12877
2347
8501
15795
4433
9182
4163
15802
6641
7348
8795
10373
15554
2198
727
10797
2522
10204
14866
11403
6867
9815
4751
5901
10022
14446
7478
14805
12015
6774
5809
5806
331
6600
6
14198
2042
14711
15005
1819
9707
15570
12189
4012
7263
12069
8963
8053
14244
12393
1662
3496
468
8147
14579
7364
12970
13452
10134
946
7429
12279
3092
1894
2673
7477
3505
14069
5513
4181
12731
11917
15864
8403
15381
12316
15819
11618
14064
10277
3687
12662
4215
15955
11406
3331
8671
4444
14018
5014
3637
4487
12781
9259
2841
1365
15885
10343
1998
2907
12686
10665
2926
7562
5052
1343
14942
7416
2062
406
6504
8449
13743
10945
14302
14195
5362
14928
3602
12243
7037
7164
6274
9139
6110
13572
983
15979
8036
9082
5292
11534
15546
842
11060
3098
7462
8638
8204
1799
4221
10359
3871
10219
4757
2847
15729
2533
11303
959
4270
6581
12668
3040
2850
1842
7375
6913
13413
8487
13037
14660
4765
54
15617
6042
4156
12539
1432
10748
5730
11828
9642
2109
9241
5786
4876
12083
1551
11058
4533
13956
15763
5714
12688
4430
460
995
12421
441
13561
13644
210
1467
10722
9720
15747
12762
9082
12426
7200
13644
14784
12997
3837
14345
8691
13364
1062
820
13628
14881
2650
9855
4616
14209
15187
9336
617
8692
8199
14503
14296
10800
15613
6569
579
9422
1025
7197
4255
13774
12641
11073
9939
14945
5702
4102
3986
13011
10811
8114
15014
1562
5510
10651
11897
7258
9881
14899
11083
12894
6860
5772
4023
9806
12008
8851
12064
3314
5276
15578
8135
14167
2257
8249
5097
8841
2071
12947
13225
5837
11556
12758
11307
6099
1108
1913
15606
14198
2647
6447
15403
10292
4784
9210
2217
4455
1299
9478
8825
13392
9568
2849
6532
9465
4466
3387
5849
10145
962
11561
13639
12030
9480
11563
13648
15735
14924
15369
15069
7706
2294
15950
15809
1751
10755
2102
11318
3513
1050
9427
1344
11940
4074
2320
6415
12845
583
12971
3829
14636
6846
2052
8202
14438
5449
10444
4422
11634
5196
9572
12110
7507
81
4442
7424
6437
8092
11302
4619
9883
15039
15059
8494
7365
3540
11507
2500
10893
8349
1048
3406
5401
11545
5241
7991
7215
2286
10300
7729
8416
11866
11614
10384
7973
6456
8968
1628
13286
4497
3845
1561
12794
15821
7520
13658
7162
15083
9983
6099
2733
6275
1542
6505
1963
7038
11802
12612
14406
1449
12876
12054
11521
239
8390
12207
5699
14980
6954
10254
1929
12931
1834
6057
7836
2941
10184
7530
11754
5927
9498
15543
8565
15739
508
10540
6250
12656
6048
7244
15624
7490
1206
6349
7303
4783
3980
9948
2022
5587
3407
4185
14270
2430
5351
10588
1625
6858
3522
989
9138
1778
4656
13956
3174
4396
12430
6622
6018
8067
3823
12665
898
8152
9712
11713
8551
3320
13673
3770
5240
6456
4868
6116
15979
186
4817
2284
1110
5828
14217
12318
2321
3082
14148
2255
4530
3010
7898
5810
5704
1841
10673
15041
134
10085
7688
13731
15054
13763
15090
2084
6886
14328
7599
13846
12027
1764
9338
13312
14039
12000
461
7936
12080
9138
15406
7625
10636
3079
6745
12571
13991
6835
7031
3617
9599
15551
1500
2367
6475
4255
3015
14207
1265
9043
5559
3568
4207
11008
1532
15114
811
15068
7316
10943
2986
12902
3564
2708
11517
10460
976
6893
867
11341
10942
14532
5763
687
6370
10692
1104
5445
990
12683
946
181
13755
12740
11828
3877
10977
4930
10600
5010
10821
4794
8265
7297
369
15469
2990
9164
11292
2684
12766
5156
11306
12855
15238
8288
1581
14345
2948
12749
9820
13014
3037
5758
7873
14796
9333
12399
10719
12981
4574
12527
386
14864
10569
4553
15725
14127
2619
1056
7274
9250
15455
5332
10224
7270
15899
13008
11743
14538
2751
3848
8161
11679
3202
13300
6729
11833
3786
9543
15929
7570
3896
8887
13476
1209
3197
9014
13149
1929
12033
8051
3361
14502
682
14032
8984
169
14936
2743
2162
9810
11930
9667
1329
7635
11398
323
8947
3767
9659
12749
9006
15215
15516
10962
12501
10526
2773
5032
8037
5435
11932
5630
10646
1328
13929
5819
2008
3069
4190
2085
6775
5793
9462
9681
13120
15975
13152
6560
8167
2314
13601
7714
11539
4958
11307
11077
2397
3256
14346
7348
570
6246
13716
2878
15232
15846
5330
7589
6077
1000
12387
4206
12040
2236
8760
818
14504
14271
14283
5363
4591
4580
14530
15610
15248
1948
14290
878
4901
3445
5725
15422
6977
10072
15093
2534
3593
13679
143
12765
12612
15266
8011
15561
9608
11544
3280
11790
15451
218
2208
14000
4214
5648
4146
8252
11101
8737
13027
12118
15350
11396
3623
756
9519
1628
870
2959
15192
7201
10086
9289
5020
2910
7665
5072
6732
12420
11249
11006
14450
7380
14727
15159
2829
4819
14919
2315
13320
15910
10648
2063
3103
2053
1455
3209
6780
13723
2133
1623
10966
3043
9966
10211
6753
14419
1203
14053
14963
9438
15530
2764
3221
13697
11906
8569
5550
10311
8857
5260
4894
14977
9579
6243
10709
12206
3265
14153
5392
15248
11992
14477
13822
15980
6712
6407
15144
11970
1549
13792
341
2827
5500
15991
15224
9269
11757
1976
10328
1842
1231
14858
12993
7355
14886
3055
1932
2491
5942
11713
461
7910
6805
9182
15173
13807
321
6508
11066
6541
10338
2519
9563
11375
14532
6998
9811
3098
7462
3805
12589
988
4247
2781
13821
6351
15387
7142
8074
12571
12552
12635
289
3430
5402
3817
8973
13004
4662
13579
9990
9055
15965
14603
8530
3965
4011
13771
4893
9873
7548
9319
4087
5686
5247
13492
9604
15230
11914
1719
6550
7988
7812
9294
2047
13581
10581
3217
3591
8316
8148
15257
8017
1972
7011
12287
11714
8100
3421
13397
6740
13975
6226
3346
3384
11668
14063
2753
10253
1913
13582
5892
1364
11882
12791
299
5010
14274
11517
3210
8908
3416
12852
699
2968
10463
5732
10877
737
9260
4875
8211
6307
9847
15227
8100
11963
10132
2844
12526
9939
13837
1515
11323
3668
6667
11190
10632
1984
6938
13988
10674
6657
5992
5179
7001
11877
8331
6457
12719
12792
8762
14509
10288
13424
4664
10302
4161
12894
216
2458
11239
6261
9127
15627
124
14594
4529
8994
4876
8103
10951
15579
4548
393
7687
227
4398
13592
9699
9243
12244
14404
8942
4164
13105
8689
3272
12912
4313
411
8820
8598
3226
14952
14390
2199
3761
12414
10740
8308
9093
3183
10647
6142
5871
13041
730
2909
7810
11327
3938
3028
9210
4416
15622
5296
15278
15141
3199
65
14736
13446
5355
9251
6229
10080
13634
2126
3606
1581
7541
1452
8535
3270
3553
373
13279
3406
14960
8085
8411
6224
15814
5330
2056
12541
564
11003
10747
2859
8026
4663
5453
15809
188
7681
8580
13547
1874
11100
4531
14700
7147
2693
7509
5915
7435
9038
9374
6893
14331
15417
5987
4542
14851
6658
4292
11610
9431
10527
15467
13160
11752
6450
2251
13320
3602
14868
3561
1644
1988
4087
14774
11048
12330
7541
15287
14520
7738
10593
14681
13747
7310
3656
8008
11291
2699
8501
14267
14286
312
15499
9738
9416
15709
3132
6653
5073
11279
562
11497
5772
12892
3767
10488
13326
8601
7719
3614
4157
7665
13867
13246
9385
8852
7042
1112
8303
1920
5514
7724
11739
9171
10737
11187
5823
6013
10078
12060
14162
1822
14691
15572
7671
11877
10355
3988
13521
1571
8808
3920
4302
4983
10817
5642
10525
13754
14577
14807
564
170
4632
14182
11585
935
7851
15250
4485
1557
1981
4271
14639
4491
7720
15978
2871
10202
660
10487
2953
11463
8219
3922
7833
12914
7164
1813
9141
984
14572
1220
25
13492
8253
7520
15305
12600
15285
14102
1989
3479
6558
14110
15619
12745
8073
3391
8769
3566
8050
7986
10473
4041
7856
13150
15246
14379
7454
7756
13686
15665
15165
15055
10581
12592
12502
1890
8011
7862
14261
794
6118
1983
11025
2578
10288
5914
6407
12905
13894
12576
8322
14363
8227
6400
5457
3899
14190
10746
13817
1112
5565
3359
12851
3332
14438
3822
9669
10350
187
622
15783
1369
13941
13102
10644
6002
14748
1762
9520
3733
8563
15162
12040
7388
6785
15944
590
15469
2333
9049
12018
4561
15246
11746
7525
7826
1680
12945
5358
9279
7262
14380
2382
15843
9258
5186
10260
2505
1486
9507
5605
13504
13312
13863
8909
6082
721
5446
15092
1639
6200
10888
4721
9343
15286
10312
33
7652
3705
13846
3252
1130
4124
4667
15538
5557
13214
8878
11109
13426
2999
6881
8651
5447
12446
7288
3113
14992
3944
10598
14360
3341
1070
2490
7207
12948
5957
782
4828
2880
5638
14114
10818
14284
9931
6357
15791
7234
4646
13625
5081
9739
7107
13119
4965
3437
1144
15446
8040
5048
15723
65
9965
8275
10078
9532
1356
4297
5584
1397
10510
7570
13213
13037
9209
619
3569
4690
8578
14940
2797
9337
6385
10038
2390
429
12623
15180
13127
883
4861
325
4843
2614
11633
9096
12874
15415
13445
9924
3492
5015
8777
15943
705
12545
3303
14407
6791
8686
15025
5277
8893
8213
6299
5061
14419
11939
8786
1512
9456
13310
5202
3266
11148
12391
11313
12707
12610
14798
392
13098
2903
15605
15516
6908
1252
6173
15977
9945
9941
11327
4372
11804
10214
5850
1831
11390
4830
2386
9169
1893
2596
14295
13226
13183
892
13936
6952
10339
5608
15865
1950
9764
9928
8855
15875
5169
7253
13696
7677
4211
4392
3227
75
14020
2311
1851
3822
4358
9476
4823
9263
11263
7344
5871
2228
11150
11867
1443
11800
5694
2558
7913
9225
10080
6613
918
6055
15536
4827
5041
14311
11974
8526
15263
8930
3116
2261
10253
2610
2308
15428
13965
4554
1798
15711
7393
11055
8473
11857
8302
6804
5992
2314
9836
5195
7609
2143
15198
8876
8898
8591
14325
13064
6128
8011
5513
14271
2618
10939
6439
14807
1279
182
14862
15656
1491
14232
10611
6810
4507
1790
241
8240
7236
4608
5533
9214
9187
2936
5371
875
15209
9981
4040
6301
9332
11559
1907
15731
10815
649
3827
47
7818
14946
7587
10034
3386
10087
13143
12260
5867
13463
15119
459
10382
4912
13113
11205
1789
7417
6817
4566
6698
2548
13183
5799
1741
9640
4303
14243
7903
49
10751
9287
1294
5438
5575
4205
12464
7560
11863
4471
8764
13584
1534
9926
931
9739
14709
4062
9138
8004
13590
1432
5283
309
8088
3578
8269
4079
12749
919
14818
13143
12444
6559
5740
13069
8324
1728
642
10350
7684
985
10359
1056
2794
8048
769
15737
15981
7651
732
6914
14940
5267
13785
14395
10818
6327
8774
5299
10329
11871
5896
850
15485
11042
7995
14273
3808
14595
424
4177
12945
3103
14315
12153
10037
1482
7205
6600
5556
827
3957
5434
1160
8067
13703
1144
13106
14166
15080
2192
3618
11295
4929
15529
7619
1917
1280
13110
3052
2090
6422
5335
8346
8752
2102
3574
3535
12798
7644
7853
8576
6000
15112
8239
1166
3389
380
14419
10301
10629
14867
13021
1352
6294
13215
10939
6697
10719
2602
13175
12973
1227
10754
9484
9799
10974
995
795
4839
7314
12768
12629
705
1376
4504
12844
1252
3650
759
2133
15757
11301
4870
15022
5967
4619
11068
15009
15875
12030
14512
2622
2378
13697
3318
11248
2807
12325
8440
68
9499
10557
2044
11985
11685
13661
14328
11998
1422
6421
13005
12825
9813
3589
4650
4560
6072
4997
9395
6793
11830
10924
11341
6048
2427
9613
359
7228
6922
5592
5989
7923
5361
2892
8805
15198
4047
5672
9685
5995
4435
4674
784
7217
15642
13169
14588
4006
3025
5009
15037
8116
7919
11589
2910
7739
2190
15639
15677
12153
13451
7115
13104
3392
3199
340
4390
7783
2901
8183
668
12436
208
4980
860
11060
8793
4356
15436
6741
6877
3032
3179
14206
11611
13255
1674
7636
2420
5266
13100
9666
265
15731
13711
10770
10499
12294
7662
244
8344
8723
14540
6109
8003
1868
13264
10726
7467
15327
13248
11875
14557
4220
3625
8983
3998
770
11176
12607
6081
6329
8991
13070
9631
1854
9613
2889
9425
8535
5825
1219
11920
14897
15516
3140
2628
9711
15533
5199
15264
3807
7397
12770
11551
9668
13413
1158
7481
15982
2715
11711
7772
4189
1976
7929
4028
5089
4139
781
11252
4209
2938
6527
14214
15363
5417
5420
654
11169
13418
13600
6525
5579
10244
3017
10563
12448
5938
3131
1713
11515
13537
9642
4922
13101
4570
5188
3692
3767
15170
12860
6717
8285
1636
15680
631
67
15119
13569
1353
5029
1225
15957
13630
406
9370
14923
2404
14190
14461
1340
9504
1742
11242
6144
8603
11507
15162
6109
15726
9795
7617
927
11578
2604
10262
13017
6257
10192
11563
14089
14655
8354
2975
6129
11713
4539
2542
2348
14327
14550
12679
4210
15677
9797
4928
3743
8042
8802
12945
11052
4905
634
12089
960
3771
11862
8575
3839
2990
2974
15108
7248
645
10756
6618
10551
11386
10849
9707
3445
1865
11786
10580
5958
4930
12613
1723
8598
2006
6607
5407
5062
1437
1613
12243
14546
1256
9668
7092
12101
3036
15919
1471
9665
4272
7185
6497
7312
4888
10685
9642
13698
5886
15528
12727
14934
2669
9042
8091
2812
3189
4001
10287
1350
14246
9141
11073
17
7356
904
6352
7768
309
9985
15761
3415
14522
4017
14913
11440
6849
5656
2143
14981
7550
9753
4822
14526
6350
12349
13110
2892
583
10530
5988
332
7517
11708
6490
15432
8172
13626
15552
12679
6733
6189
11338
4992
11981
15912
5514
12787
3251
15392
418
12632
6384
4616
10308
13917
7669
9567
5991
4351
1729
10037
4763
7903
14125
14069
8849
7918
7387
11007
1827
5717
13003
1024
14908
15114
9170
5579
11264
3415
8190
8100
1174
15755
7866
12669
5874
8439
969
5027
10911
7698
15668
12196
14610
13335
4062
13835
13279
15160
15804
10437
7466
5493
596
113
11215
9616
902
7987
9074
12461
4560
15434
11820
13053
13963
10943
638
7868
4760
2258
6982
13289
10593
11909
6719
5877
6750
6773
2043
11774
11496
11118
13684
6610
9542
4587
11497
13324
6422
5874
3049
13665
2888
12534
13927
11721
2464
1300
11848
14194
12674
1002
13979
5162
3530
12276
5266
7692
9377
11741
14096
14396
9272
3522
9250
7987
9873
13379
2630
3362
6046
15447
12549
14847
15338
4330
11917
13425
12903
5338
10415
1717
10519
14280
8471
14032
12930
10257
1465
8354
12421
12903
10679
15245
6727
4603
1542
15774
6307
5356
10787
10769
10834
8348
3416
10701
10372
918
172
6043
11776
165
11594
7318
3668
7312
215
4285
1468
4808
10590
2920
1180
11252
10362
6406
2353
750
13915
7371
10743
10206
11047
2331
7957
8881
2250
10438
11168
14017
1411
2602
5500
2949
2788
1615
10310
13356
9458
8030
12292
7178
13712
1717
14073
7733
14717
9616
1541
14491
4456
10118
6457
7602
14105
10019
14189
5656
11692
440
10683
9839
15506
15475
2596
14223
897
4197
8972
8201
676
6500
9307
9886
258
5446
15721
7666
1969
13114
1422
4239
13245
14438
11974
14039
7138
15768
4725
13929
2986
15962
4080
13756
2970
8160
7195
9346
7426
6273
7413
13358
14487
13535
8129
5077
523
12134
2645
15728
1794
7105
14130
4808
14914
12100
14384
13793
4959
5542
4899
11699
7672
14411
1797
14380
15626
2973
4038
7909
2815
5533
9261
14775
13290
11267
7280
3489
3549
3020
8681
3021
2856
4856
15397
11870
12462
4514
10041
5042
14109
749
3225
1354
8647
5238
4834
8645
12826
766
13769
14337
6602
2770
7687
1285
6751
1584
5116
10892
2640
1155
7395
5983
10786
3931
246
12152
15607
15975
9159
10852
3780
5402
8821
9803
9535
12918
180
12006
15180
11980
5072
12938
6288
197
13897
9956
10106
14020
2697
14227
9411
1581
1313
7810
11708
14473
5167
12742
15340
2553
927
10327
44
4799
7187
4163
8256
5200
2611
15900
12454
3829
15603
6818
9532
9669
14248
12066
4092
10845
15111
14057
4687
5860
13748
13690
11238
8070
11394
6791
7780
3461
9295
3158
14848
13294
3932
10823
2402
1070
148
4997
5660
4810
12339
7592
2529
3812
7757
13096
2803
5406
5057
13623
3536
6158
14078
13315
12327
14277
6078
11186
4538
14265
9760
11147
15659
12827
5160
3637
7605
10322
6417
1228
2646
6310
15821
6553
14221
5024
8685
13966
11034
10732
11670
4924
14345
15854
4604
7109
7600
9649
3977
6708
8445
5393
5729
386
5387
7226
11732
1325
12940
14436
5839
7184
1499
1140
9738
5353
8862
298
13846
15800
7989
3266
5111
8631
3324
11988
8711
7456
3177
5543
1391
3668
4753
13868
9559
3718
3479
9191
6820
1926
11417
15523
224
8618
1459
8718
9059
28
702
8082
9708
15268
9554
12867
2834
15195
198
9822
2062
7847
11267
12022
12538
14526
8561
10636
4574
10688
8751
13875
4383
11766
4995
2154
7728
10316
14630
7365
1260
4010
15843
8103
15242
6415
14452
1778
10764
10965
9008
3945
1811
11118
8913
1718
10590
7915
11290
4023
7382
2038
9440
15251
2282
2770
1784
5336
9623
4926
14642
12375
10927
14621
8240
8675
11934
12223
8812
33
9769
12243
10368
5975
2152
15378
12389
1836
5986
837
9051
218
5893
762
5860
11135
2860
11174
9839
13625
1551
3671
5693
6219
14062
9351
15593
13008
13811
6623
9858
10541
10906
4775
10868
1805
4022
11347
3023
801
9730
1194
5805
11651
722
14826
13081
4616
435
9276
12661
6444
10318
8313
9163
1202
6798
15669
1404
10874
13717
7890
12586
2928
7175
11630
8014
7600
6247
2642
14363
6788
8122
105
15428
1506
7313
11900
9460
6654
14242
4084
1389
6966
4076
1846
15526
12879
3449
9615
2424
4081
13557
5787
1486
14690
12490
10375
6207
7092
14974
15562
14486
15479
15677
13777
8142
1584
4670
15217
10604
14379
14736
4381
3296
12948
15432
3172
6316
7523
14141
6692
7928
3946
480
5278
1578
2232
4613
293
6775
6535
9185
8947
5177
7940
6983
8455
4457
12913
13723
8374
15548
15343
857
10959
11210
1653
4903
5152
12361
12522
8705
1350
5717
2256
11002
552
3564
3646
2524
4515
9563
8139
8340
3024
14419
5357
12216
6314
9327
11116
14457
13621
6763
15102
3838
10174
6242
1222
6080
883
10466
15714
1019
2234
14226
3516
1637
13975
1273
2737
285
3752
14891
2869
15031
4982
3870
6930
8682
1196
7006
5369
7504
9705
15479
1535
14459
8084
1875
15872
1534
8837
5097
15314
6595
12605
14904
12206
11291
4260
5843
2632
4006
10021
10876
5006
13912
2599
14864
11090
11121
7816
541
5001
9875
3851
14670
15702
14597
1903
13234
5925
4373
7423
13847
13353
2220
3619
3542
8575
10536
1456
5721
2866
4443
4338
11720
11014
3066
5373
3162
521
697
243
8877
9418
3041
4236
3453
14639
8319
15982
10800
5208
11206
9827
3497
5832
5584
13901
15450
2463
197
7184
2178
15686
1168
10187
2544
13809
2263
2985
4322
11019
664
14441
555
2960
1555
3216
13894
11221
15923
2566
2575
3256
10424
546
9499
548
1484
12470
5638
12620
4730
3613
7678
15756
10189
5913
14230
5586
4367
978
12792
2247
6377
14898
5540
219
2928
8741
5656
4127
3184
9725
14116
3129
3462
5690
9086
913
11650
15122
11487
4190
11641
9991
2640
12879
4218
10951
8242
1431
1084
11852
8815
327
2598
3502
4844
9098
14741
3680
14667
13037
6163
741
14294
11786
3995
15452
10821
2860
11841
5457
6001
13417
12962
10544
6780
14480
5783
5722
7139
3655
10051
6168
8873
11368
2407
1680
3201
7168
9561
14941
14056
5133
2502
5091
161
6777
7065
11217
3979
5664
15525
1458
8795
8836
9663
8163
5524
12138
9883
7589
7307
13733
6266
9115
7800
15730
7872
1443
12148
2003
15978
6876
12567
4951
14254
12669
152
5570
10904
13781
3670
14255
10756
3259
5740
10041
4168
1735
3281
1953
2934
4755
9354
10669
9325
5868
14478
12134
3157
2712
3086
8251
2195
11701
11126
7855
5997
1661
10148
5611
8207
7324
15226
10000
1358
14902
8557
8332
9615
1489
816
14656
4191
5280
2076
2403
9491
13515
12624
424
6801
10832
5885
8187
9549
1418
15267
2262
4904
5565
8970
8961
6651
7693
12796
13209
7581
354
13977
11634
4330
4225
4015
2766
1345
12621
7716
14939
4105
5427
10991
9216
12014
13460
6191
1058
6712
9000
2599
10062
13292
15682
2676
9172
5793
9196
15419
2223
4994
7762
6874
12986
5070
9348
120
11756
8546
12456
1789
14845
7881
4277
939
8700
4950
11512
7158
9330
578
15711
3031
4889
6768
6365
15558
10531
12139
13544
1010
7483
1158
285
14035
12825
10846
804
5091
14825
5614
3416
6330
10799
8740
10120
11584
6647
8210
4759
599
5473
6128
1480
2583
3765
757
5570
5799
577
3581
1968
13005
14363
6407
5397
6157
14995
1944
1026
13809
11839
11864
1021
11702
4273
8181
6485
13438
13268
8826
12699
3120
1488
8623
7126
6059
5015
8894
6090
10672
687
6928
14853
14287
15991
10193
7292
14880
7538
7701
9819
2564
11628
8373
1334
8173
8653
13963
13779
112
9061
12212
169
4020
8374
258
977
9374
3064
12411
3983
4837
4295
13547
4622
12870
7742
1598
916
10377
8767
329
3596
10663
11018
14249
818
1858
4400
13470
7710
3168
15193
6824
9968
15171
8002
4565
13489
3656
244
10099
1182
5231
15559
7986
8545
15265
10115
2586
4641
15220
14803
102
11383
1135
11216
2130
8950
12278
5398
14125
13242
5199
1439
5400
8638
2449
10350
12452
1228
11970
15284
8752
5021
8749
3202
9438
12369
12716
10322
1247
12243
2223
7876
9779
13707
13371
11750
12260
1406
468
6488
13723
2479
6943
13534
3513
3308
729
3567
4195
13101
156
793
12334
12580
6844
12576
6118
11877
13375
13017
14379
4727
12550
8808
13954
6458
6425
11268
100
5009
10069
2163
12095
10737
14177
4508
13099
15972
6532
10819
13929
866
5126
4718
8765
5975
2043
7467
7769
9331
15615
11065
10126
6781
2978
13005
4522
8964
9790
1958
11294
13743
12590
1522
15525
2979
2811
2135
