sequenceInt
7203
2947
7064
4373
7963
3844
1235
167
3482
5908
1799
6741
829
4486
6246
5180
2110
767
553
2016
5092
7376
783
446
1989
4437
7480
7579
4111
1242
4547
4034
6218
7543
2660
5707
2780
6888
3872
3260
1154
3765
65
6215
2679
1517
7648
2872
5370
781
5972
6540
130
935
6153
5203
5801
5652
7989
3377
4763
110
1779
5302
5646
6883
5453
3661
5065
6233
61
1645
4112
6343
5824
100
2010
5866
7963
4382
5823
4632
2984
188
971
4294
7134
5475
374
2206
7092
4430
949
2837
5074
5007
1307
146
2909
5455
5950
428
5161
50
2959
5450
6471
194
5384
3065
6484
7079
2834
7769
6299
2826
2513
1608
513
2824
3365
2383
7348
5940
2584
4854
1154
4088
2136
4937
3976
7786
6175
6378
5002
1480
4403
1771
374
975
5571
1446
7354
3736
6072
3655
30
10
3466
5360
822
6539
2398
1869
2065
4881
4506
7181
1733
1295
3001
4890
7380
1989
708
3993
5802
4474
7705
3519
914
6413
6193
3547
3117
969
2281
2915
741
180
6367
787
7330
3268
6300
2634
2838
3906
528
113
4595
4653
6135
7259
7167
570
5565
646
2868
3476
5933
7201
738
2011
254
6985
4752
3225
7491
260
646
4457
6757
6536
6675
6592
3890
6853
4352
6662
7983
7789
4351
5614
7370
2947
7579
3727
2727
5137
2381
205
305
3194
2743
5284
1606
2059
6908
7658
6218
4187
1154
5213
5141
5201
6016
5717
3704
151
2780
3656
1382
1210
6682
3534
6760
7648
27
5607
817
5711
2323
7868
889
4165
2845
333
1235
4109
4914
7803
5560
4686
6801
359
7548
7331
1908
3363
6832
7492
6504
104
1576
2004
7537
6730
1382
3935
2373
488
3479
1290
4585
7106
3416
4148
6662
1549
5842
7772
2025
5253
1112
839
6333
2832
1137
5472
1757
5549
1801
562
2012
6848
2176
6358
3391
797
7166
3796
2333
3231
2130
6677
2920
3445
2241
7684
4410
3459
2813
187
1895
203
7404
6708
4919
5328
2141
5866
6988
7908
2242
265
838
5270
7232
5141
4076
3856
7591
1644
2039
4095
4169
5812
7284
3784
50
7561
2138
5076
6167
1995
7270
4678
3807
2060
1820
7964
6761
100
3278
5380
3603
5126
7460
592
4219
5848
2343
3229
4109
2601
2643
2373
5841
1542
6935
6540
1918
419
4780
7335
6662
7471
1522
4792
1625
7250
726
6579
2375
6849
3188
322
3196
1540
5523
2307
3583
464
2721
275
974
4944
6399
3026
2807
1363
916
2632
6178
5164
1318
4519
1477
3784
324
7968
1370
4726
3200
798
2207
1238
4372
5980
1390
3139
2141
5139
379
6610
5056
7429
4023
6649
1468
2776
2913
5746
7078
5530
6549
4350
5076
2988
7638
2276
6138
6801
6445
287
5172
332
2097
6547
7966
5598
2145
7974
7947
6822
5726
5036
3105
6047
838
101
2342
4816
5869
4918
2671
14
3707
6815
4421
1249
4555
2964
4463
2975
1489
4553
3065
6551
5871
4728
1682
7099
4671
331
4385
4415
3080
4684
7790
3954
2400
6933
4466
7518
1609
5592
4953
3408
7239
3024
2736
7969
3622
994
771
7908
1177
1312
6956
1628
6231
5196
6744
5453
61
1726
6949
7781
6093
303
593
6025
1448
3753
6092
1929
6966
3746
4758
3106
3023
192
2113
4969
4337
6644
3933
2299
6024
1429
6380
2473
1640
5935
814
6852
3861
3236
2405
4669
1029
1189
5314
1314
3205
3036
7214
2993
3450
6421
2649
5629
2060
1025
3084
1277
6079
2542
2390
141
4899
2648
7682
1717
7091
3697
3753
6917
231
7077
3316
3500
7137
4158
5380
4186
5332
3374
5120
5151
3676
5018
2310
2821
6534
2453
4107
6715
6350
7155
5232
4170
6955
3050
2370
522
388
7849
7343
4063
1657
2233
5265
2869
5537
60
3922
2524
4955
453
2151
6866
6905
2418
3340
4082
7426
6077
2547
1926
37
5878
6103
666
3873
5476
7665
2587
6439
1395
1287
1371
7026
4013
6744
5527
1366
3354
5054
3405
1509
7670
1737
4957
159
2590
2285
4714
4235
5334
7237
1727
4964
7254
4964
3272
3521
2629
6331
2111
1865
2656
2550
6525
5112
6096
3033
4975
4189
6450
4843
209
7383
7292
1530
1531
6812
7694
1269
581
7501
7316
384
7490
1087
5387
2217
6469
1187
4299
2083
3537
7626
989
7438
4979
6594
1233
7038
3451
6813
2275
5000
1898
6148
3514
4253
1748
2914
1502
2519
5266
3117
2862
5407
767
977
106
3111
4043
5392
6992
5879
1850
3542
7695
6083
3346
3972
1649
6992
5353
6617
2900
892
3221
2190
2832
5411
4753
615
2097
4109
3528
6199
4365
7973
4199
2571
2341
3822
4153
6620
5794
7669
5941
4984
2988
6555
4547
1052
6949
3692
2393
7305
5651
7184
7926
5362
5783
7649
5502
2176
1037
5965
1857
5335
215
7465
2333
7080
6411
4553
1760
2446
6583
3382
6537
4064
7156
6502
4056
5271
1330
704
6404
5952
4629
1754
6464
6427
7662
5346
3239
5492
4341
823
6919
2571
5826
7061
7568
7890
7457
245
381
4180
3288
4182
5295
436
345
3824
719
6702
3894
2631
3147
1214
7437
7951
3785
7483
3438
6650
7872
2480
5557
6117
2248
4032
831
3195
2648
6694
759
4357
5210
5531
5075
6519
101
7770
7040
6953
7852
5753
2814
505
2105
5190
6272
1733
2691
3834
6689
7261
7833
2069
1855
524
6647
4712
6491
7957
2430
6922
7708
4043
3064
6828
3008
3847
5808
4465
2221
6462
371
3063
7770
5271
7358
7350
158
2769
786
5226
3666
966
6862
4191
905
6018
2283
5779
3339
1859
2527
4538
6369
3659
6980
5184
4877
3708
142
7999
4369
5926
740
4434
4050
2669
5400
4415
4112
587
7199
6682
5096
2551
7554
4420
6010
5899
5976
6257
6889
5608
7922
5621
5066
5377
4868
5649
7755
1552
6166
2842
3406
3104
865
3903
1050
4058
41
1538
1584
7087
3468
5879
4729
7872
1723
5819
3019
4599
1125
3592
2714
735
409
7452
5702
140
3412
49
116
4656
1123
4790
5872
3116
1756
923
3866
2994
4977
7338
5062
6314
772
3523
7726
7595
3554
2271
2589
1252
4241
4334
6083
3070
412
651
6847
3605
2383
1896
7266
3799
2424
2695
3841
853
5917
6453
945
125
2986
248
4504
5216
5618
2643
2082
6729
6693
5007
3079
880
5609
5653
4091
6476
625
5983
7405
5365
7775
661
6620
7382
581
1140
5687
7219
1211
2130
7004
4970
3972
630
617
1886
5796
4239
5623
3640
5114
6012
3367
1024
906
6529
310
791
6486
6756
1189
1993
5734
2647
1414
707
6609
4947
2846
5717
7475
7355
3485
6986
835
3342
68
5214
3712
2845
5470
967
5473
5023
3090
3196
6472
4706
5236
1343
193
3854
2477
984
3731
771
1492
5053
6983
6707
7724
3573
1733
6414
7021
4429
3436
2534
6842
6327
6793
6702
3534
44
902
2086
7356
5314
820
1611
218
2530
5866
3455
2739
5432
2362
5279
398
7594
2167
1017
3396
5750
3600
6858
624
5329
4986
333
7647
4675
2317
1463
2477
7881
2147
2167
5216
4967
7119
4115
4313
3491
6788
94
5444
5829
6951
6854
4503
6409
6685
1250
1551
2856
3023
5877
7558
757
2463
7485
2936
2112
1001
4590
3735
3760
2409
5714
1823
6974
2791
5278
1540
7372
2611
7854
6227
7040
3918
564
1750
2631
99
3483
3481
7376
7590
716
3999
4381
1513
5978
5478
758
5009
2154
645
1084
407
7653
7670
6884
1594
3385
7098
2652
892
4664
5513
7624
559
1739
4948
5281
3158
2064
1951
1278
1380
251
388
954
5560
6682
463
623
4689
7736
1509
3944
5308
4693
1028
2826
399
5071
2618
7800
4912
905
5945
916
756
2794
5369
5625
6339
3180
6643
6687
413
961
7109
2915
284
1658
5411
5371
4601
2072
7674
2945
6274
4757
6917
3093
561
849
4548
1440
5350
5769
1454
3915
1725
4161
7476
5707
5648
6181
6573
2260
4677
4552
2088
6816
2041
3948
1789
1537
4180
1079
6406
5461
5422
2494
7066
7473
6150
2191
77
858
12
2636
2515
5154
3561
2878
4890
6346
5808
676
7080
6326
7131
1698
1538
5522
3142
7898
776
2171
912
5775
6297
6174
4320
3798
3210
6947
5771
748
3991
5859
5814
2535
607
5960
1095
935
3815
2257
3516
3811
2040
5496
7551
3246
2012
3767
6719
137
658
6946
1691
7770
3729
5382
7160
4164
6631
1313
6890
3600
5258
7194
7265
4589
7553
744
4908
7803
2875
7710
7344
2133
4369
4490
6525
2930
3772
5014
6373
362
4212
7686
3558
4746
7212
2810
5099
4283
7187
4243
4451
2232
1143
4890
7279
1136
6942
7516
5375
4449
1762
2429
6797
3279
5760
5302
4346
1872
1599
1698
5714
6098
7916
6974
3560
6882
1800
4266
5685
5588
4341
1042
567
5647
6085
746
4485
842
6304
3331
1235
2352
7573
6744
5970
5164
945
5287
2086
538
687
7768
6155
2457
1481
5123
3707
6415
1980
4721
1295
5575
3896
163
4648
5282
6695
6070
1077
6073
2532
2560
1294
970
2
1456
135
1846
7716
4101
4214
914
7152
1840
669
7124
6414
6555
4011
3800
3708
291
6115
6028
6066
7228
7216
995
3763
5066
5274
4244
4967
2836
6863
5730
722
5351
5155
382
6839
1461
2296
7987
6188
6329
918
4995
4994
4323
6994
18
5549
4672
3283
4129
4145
7070
6982
2308
5787
3693
4117
4791
7136
3564
3017
4497
4641
5479
4411
4551
4510
7497
5131
7543
2187
1043
1870
1416
6740
3043
7133
5050
2650
4303
4610
2965
868
3475
2521
4839
6630
4938
6765
3551
1524
2026
2471
5729
5086
1959
3390
4930
3674
1089
7485
1479
7826
4061
4047
2539
7814
5858
668
1650
884
197
1917
1795
1259
6536
5278
5604
3505
2923
459
308
1652
3244
2633
7850
4549
2822
4967
4923
7467
4362
3299
2851
5805
6276
7928
7330
5442
7449
3685
5753
5208
4909
6484
4627
4961
1339
4556
533
6038
5539
1957
7402
2738
3020
221
1092
273
3031
6437
6840
5914
1650
3122
6718
5727
4956
7880
2897
7058
2579
1632
1414
779
1439
7419
7099
894
3127
2153
3675
6497
6313
4836
4632
252
5471
4346
7140
1979
847
5751
1312
2471
243
524
29
4918
2321
4612
2434
1257
2763
6600
3669
3533
3500
990
71
6227
3517
5044
5369
6255
7280
7981
6422
507
1987
4515
2760
3803
3580
1248
587
876
147
5383
4605
2323
2395
7790
5425
2843
5524
6064
5956
3440
2414
7921
1391
2574
195
4580
3434
6871
6962
5849
917
4000
7863
425
3852
4073
7250
34
7535
5514
2344
6341
7342
1602
3705
7449
1726
4703
327
2542
6998
6151
5994
646
468
1231
3847
3859
1998
1983
243
2697
4422
7775
3143
1526
3189
5664
7410
6123
4802
6073
4636
2025
7400
2390
1688
1417
6945
3750
3339
5152
7147
6423
596
3034
2396
3153
2584
2003
1911
884
1153
6650
5032
1355
2286
3071
4092
4366
1042
2096
4067
2765
1257
1063
3802
1321
7768
5342
5495
6956
1925
145
149
1156
1538
3634
6167
7989
815
2081
511
1060
250
3036
4119
3163
3194
3100
2694
5445
3040
2372
6600
4870
4079
7792
1811
6177
3622
3482
1864
3994
3680
1444
2499
6564
5082
3278
5557
447
6295
2487
218
6908
4309
6560
1382
4490
4830
1476
4982
5771
4439
6073
2510
6448
2115
5884
2606
2420
3580
4549
4352
3098
7986
3888
5230
1725
177
6386
227
2762
7200
3706
2450
5618
2717
1831
2051
5152
906
1434
5194
4776
3142
7205
6032
2646
3553
4381
1764
1282
382
7268
7367
7495
4320
4142
2274
2644
2198
4191
6125
6218
1521
3372
1589
6416
5938
3397
6383
5433
6369
1312
1951
7993
2280
1062
1328
6015
106
2619
2910
1201
5369
2659
6543
187
604
4045
2477
7486
919
1287
1519
5832
6122
2412
7187
22
7063
6558
7085
818
4377
2301
7433
7980
1540
6164
5543
911
5035
5706
4184
6621
7759
7441
7276
7600
1105
2956
3835
4549
3965
3947
1183
3339
200
1357
7768
5508
6188
6422
3855
3885
7868
547
7770
4328
3268
7873
6606
4657
6736
4912
2058
5809
3555
556
4992
1581
5874
4862
6729
4783
5249
3621
7805
5538
684
6611
507
3320
6653
3200
1944
2942
205
7530
2038
1240
2481
7960
833
3602
5700
6478
424
5361
496
7379
6462
5563
422
4335
869
833
4817
45
825
5583
4766
2771
4763
1178
6360
6906
3177
3666
5100
4007
2633
3617
7403
4518
1608
2163
3366
7087
3867
3954
320
5104
2597
665
5820
4802
1198
6077
6900
7719
6034
2070
6056
1284
2026
3791
2862
5170
4523
7547
6995
3601
47
5170
4879
504
4876
1471
2688
4538
2579
4742
4651
6385
2059
6211
7424
757
891
6557
1245
7072
1680
13
4579
3309
7651
7018
6695
71
182
1279
191
2149
1979
1249
1055
5827
1545
3253
6879
2681
168
450
477
7786
3454
3324
3005
4301
5520
5110
3491
5550
4486
3393
3605
475
3935
6509
7832
2110
5117
1220
2949
6191
4739
7781
1611
7434
1524
4075
3418
6461
1296
2003
3874
2199
5924
5351
5918
7841
7013
6938
1759
7690
4991
5407
4926
4539
1329
372
7109
365
986
7983
665
1304
4513
3917
1671
4378
5599
587
6910
2384
1551
1918
358
5816
1328
6424
3505
3896
3056
7500
5219
7258
2206
5327
127
5377
3668
6564
511
7304
1212
7898
3749
2186
2901
1342
2755
709
6296
7696
3981
7972
6921
3776
7140
2937
326
7800
2945
4459
762
6740
6488
2011
7802
7404
5693
7678
3248
4007
1313
7533
6643
4290
2125
1575
1687
1502
1125
4278
1912
2009
6089
7995
6439
2954
3091
4885
2236
5121
7047
340
2305
440
3810
3563
5624
5102
2556
153
7286
6187
4190
5943
3597
3827
1877
4177
1878
3483
469
485
1744
7686
5526
1930
2046
3393
2062
1097
2679
2766
5932
1244
6317
930
4220
3585
7105
5183
5303
3591
7292
342
7944
5627
7078
7334
2590
1962
6239
5673
6237
6112
6897
542
5176
7528
7895
6917
570
2446
5575
7910
3888
7548
260
4265
1395
4040
408
5639
220
4902
989
7867
3902
6143
7243
272
6458
6835
3945
255
2434
4238
5734
3930
5906
1145
6191
1890
6428
1009
6377
7454
5339
228
6707
7178
7266
4213
2568
510
6175
7723
6460
4263
7453
1506
5916
5520
7540
966
2378
6190
2458
6658
4145
6169
743
1027
716
5318
797
3421
2247
3074
202
2121
1676
3651
2714
2992
6865
371
3591
1273
1593
5514
7898
3745
7241
7159
354
6175
1173
3925
6096
917
5231
4361
1016
381
2580
7912
3373
3038
1809
2101
1767
5422
227
7583
66
2164
5152
3604
3563
471
4545
6652
2337
796
5874
5707
4647
7322
6789
5317
1080
6250
3483
6069
2769
5003
5526
2486
7360
5836
5701
6798
4011
3804
6986
7681
7360
4028
766
3369
4564
1659
1088
4118
77
2048
4522
5588
5354
727
2708
1135
6532
3015
1465
7703
2704
3686
7319
6844
7162
7049
690
7122
4058
1892
1167
353
3447
5074
3719
258
5639
1991
3603
6246
2554
4659
3962
5688
6418
3851
7488
6458
1060
491
3632
4562
6507
7931
5885
1753
5788
2808
1040
1919
4150
5985
6299
679
1274
7357
991
1117
2562
7019
4813
3999
4281
6440
6263
7548
1602
2291
695
5306
738
804
5007
320
1901
6260
1347
7271
2618
7025
5383
4272
4549
6654
2461
7283
2137
7906
7048
3414
3847
1944
3404
3867
5304
2491
6711
3039
3692
7420
182
7643
2910
2338
7468
5208
666
7497
3412
5699
640
7413
7847
2637
2554
909
884
3297
4527
7836
2258
735
776
1143
3314
1509
1681
3427
5040
7670
2380
3542
993
2274
1350
681
105
2351
4845
1478
7770
6269
896
3530
1331
6604
2184
3737
6575
6889
4095
6715
5484
2776
10
308
3580
5895
2131
6120
4182
441
7123
4548
3354
4320
2779
4247
7027
7528
3505
1868
3999
5791
5790
1756
2495
4696
1758
3132
5550
3768
874
2084
6958
1394
2785
7553
2026
2718
7671
2805
7442
5750
1955
5996
5993
2399
4095
729
1459
7025
6206
2977
5290
3690
896
7224
5810
4725
7192
791
5132
7034
5848
1077
1977
4863
4152
3977
6702
6598
2784
2026
4698
1498
6311
1089
4899
2192
243
2412
5573
6382
1477
5709
3937
7573
4993
2790
3602
5624
1671
448
377
775
2651
2327
1438
181
1488
5257
5801
3993
1414
6875
742
6647
1957
1113
5104
6903
6632
6022
3728
5697
3091
5059
7212
14
1347
3250
661
6012
6386
7538
3794
1774
6548
1383
3819
3087
6741
730
3813
5979
6284
333
2244
6508
5729
1681
621
24
7886
2043
6887
1272
4019
3288
3026
4013
4891
6927
2036
7444
5951
4720
2161
5282
1043
6105
3752
4269
3195
6271
47
3383
7224
83
659
5404
2640
2580
7184
2520
16
409
7017
449
133
3939
3566
3866
7393
5419
4028
5194
6480
1457
4966
5793
6202
7300
7227
1014
1646
2461
5676
2487
5818
1883
1448
7456
7214
7981
5864
2202
7692
748
5117
651
3158
6983
2236
1665
4555
2739
1520
808
3263
4726
7113
7547
6581
3470
232
1983
4984
5994
5536
5577
6561
1274
5817
4406
5097
6630
6753
2352
3331
3934
370
2213
3255
5046
4834
6520
2818
324
5844
5998
5622
6373
7440
6744
5316
1973
4983
6416
6670
3148
6972
7504
7560
5294
2724
5904
6067
6208
3959
3034
4888
1274
645
4047
5224
6304
6795
2195
2595
780
6133
4599
6891
3620
3890
1289
7199
5427
1731
1461
6881
821
5922
7003
1201
3251
899
2384
6936
1472
1955
5805
6189
3015
7522
5287
6186
4583
5311
6523
6887
937
1442
6318
5603
6950
796
1079
1593
2603
6642
7438
1148
6023
7476
2630
3266
1479
2200
590
5972
60
726
7510
4055
7888
6426
6496
847
5413
7756
326
7036
3518
4842
6637
3507
640
4110
4715
2848
1763
2314
5511
5292
7851
4443
6868
6497
2948
5810
6921
3635
2751
3213
7981
1245
5988
293
1241
66
719
4260
1797
1340
4794
6685
6566
5280
693
1642
4219
145
3486
4636
3559
3608
1431
5650
7944
5316
415
2997
2212
4506
360
437
5062
5553
6181
2707
1590
7158
4256
6393
4923
3237
3641
6514
7996
2576
4897
5029
2405
3488
7947
6394
1397
641
4312
2047
5948
1795
2619
876
4192
5394
6186
1036
5492
7980
4298
6360
1999
1063
7810
1583
3250
6528
6757
6569
3039
3462
1227
5672
5305
485
7789
7123
5623
4895
396
4553
5068
7726
930
326
5886
5534
3395
1512
1439
6428
4524
5664
7762
5164
2376
2270
7802
5477
4744
3217
5009
3672
1088
2212
5324
3386
2289
1627
2134
4381
7097
5627
5738
6079
6818
5419
3627
6700
4019
7798
671
3589
7993
2442
414
2334
979
6260
5740
4769
4040
7309
6158
2435
2486
2144
2994
3308
7630
4182
5993
824
7755
531
5873
2661
4624
3131
4094
5703
3702
7518
4895
3457
6071
1359
5882
5649
7039
3935
1329
2688
6342
6591
6181
5912
504
1651
4026
1476
2030
2200
7322
610
1924
4140
5247
5286
7614
5149
7288
5422
4454
1439
5960
5307
3506
6912
7966
4699
5634
1312
4624
457
3310
3590
5752
2543
4658
6109
752
893
7021
7203
7275
314
6862
7387
7960
1410
3339
7207
7909
3787
384
1055
1926
3158
5991
4833
5361
4583
3103
3931
1798
6464
6579
6924
3378
5468
7198
7653
7025
828
7469
2378
1231
1193
3895
1542
1185
1670
5934
4254
5277
5485
2047
2100
13
253
1372
1775
1184
778
5812
3552
1024
5067
1137
6954
3188
6937
4866
1093
2441
5161
6232
3207
1065
5658
3731
720
5663
1690
3783
594
5231
6145
306
7006
6826
1066
7477
4110
5432
496
4459
3637
4782
5670
2765
1126
2268
5720
3209
1393
7428
7442
5688
4046
7779
6250
6196
1292
1179
6827
4556
3493
4480
6130
2229
6790
4555
1892
6687
747
6856
4470
6036
3018
5777
1155
4535
1660
658
166
5765
2037
3946
65
837
1525
206
5132
539
4767
3629
7682
7554
1668
1045
5792
5316
5794
1833
1031
1407
2610
7620
6608
4465
3948
1589
7403
2413
6446
3551
3307
3634
4051
3630
4850
5022
2024
6202
5409
4047
2691
1821
1645
28
1824
1639
6972
2510
1639
7164
4068
3699
4812
7766
7622
6429
5141
5126
3738
5410
6216
452
5230
5166
7460
2352
3504
4710
4523
7021
6288
2564
1903
1228
5758
1749
480
565
7107
2650
4241
7189
1874
4971
2835
1957
6031
7108
3364
3141
3075
800
5416
3633
7703
3751
1559
1516
4433
3538
1050
5084
2730
5012
3600
2394
936
5786
6449
7283
462
1616
3326
7593
30
2041
5339
4738
4948
3216
283
1828
605
6750
5753
6427
1536
5753
6395
3457
5189
3524
5391
3390
73
3776
4833
527
6888
7329
7002
5732
3226
6509
5809
3730
5721
310
3433
7105
2305
4188
3783
1400
4936
4944
2689
7487
3732
3097
2695
6043
882
6033
4476
1751
4585
4674
523
6431
5884
2164
6966
4308
7840
237
2681
5673
6735
6219
1316
365
1854
1508
6294
5652
3280
1994
4109
5121
4373
1436
920
7734
6922
3419
6821
6181
2444
1711
3849
4020
3296
1170
3773
730
6391
7514
3318
4425
5778
3267
3763
1795
4456
3167
1655
7776
5044
5025
2976
7405
889
3864
136
5689
2618
3266
1024
3351
1690
1674
6918
648
258
3850
1820
1137
6636
4444
2107
4877
2563
1920
5859
5358
730
6010
6240
7272
6782
928
3021
3020
5748
2069
912
6671
49
6977
3343
628
5170
447
3604
6617
7107
1858
7404
2390
6840
1629
6039
5647
3098
6842
5403
211
4990
3518
3613
2694
668
3816
2555
6512
3367
7595
5512
6099
7729
7324
4812
6775
3024
7923
2422
1359
5449
343
6671
3650
3950
1941
1237
3259
7199
4991
4070
5381
7635
3037
4749
4129
6686
5049
2100
4434
2350
1106
7855
4611
3961
5825
3924
7400
4682
4958
1954
6
6494
6371
7565
7060
6406
4956
7260
6099
5187
5272
2296
703
237
5623
2835
5976
500
3573
4833
5092
6327
1122
711
7148
2765
1440
7812
2525
2296
7289
3583
432
7325
2928
3067
4102
6137
4889
2873
3485
7460
6280
5507
7261
3211
5324
3882
3675
1107
803
7216
6097
3210
1024
4852
6373
6827
6886
7617
2848
3414
3042
6402
6029
5656
6307
11
4297
4373
6155
5902
5612
3184
3588
4515
254
1121
7579
5171
7863
239
347
7868
5626
1631
2291
6959
6175
3993
2312
74
2170
114
5987
346
2552
6927
2563
2280
1290
1234
2929
5241
5680
1096
1062
467
7731
3420
4683
576
1129
6649
7978
2691
2569
6241
5786
1853
6652
5555
826
3622
5848
7962
7689
3109
7022
6952
1682
5646
5972
2855
6736
3370
5509
3641
1755
4202
213
2377
2647
1233
878
4881
7584
1995
7747
3521
6040
1535
12
7939
7198
4917
2481
5357
6559
6717
1281
2561
6605
5696
766
5993
6259
2264
161
5707
5140
2120
7464
5412
4526
7109
3002
7767
7907
5564
5120
7997
499
5550
6018
3341
1105
6153
3329
5828
365
857
7877
3580
6176
696
7649
7829
70
3274
5267
2584
6772
7830
5587
3826
7537
873
7680
2839
3904
3743
6497
3477
4254
149
2444
2974
4236
7240
5058
6659
5609
1901
6617
3062
3259
3933
1879
6099
2387
7529
6436
5813
7082
533
7917
3937
1057
3553
6994
7991
2717
263
4485
3500
3642
2545
6048
5131
4568
5179
6676
5592
5559
1610
2747
2744
7934
6537
2662
1474
3807
3539
5349
2773
7335
5339
5938
4751
5729
2570
1029
7896
3877
4401
2129
2994
3670
6320
6476
2857
5717
1979
688
863
1020
2833
5234
6006
4399
245
3597
6910
5755
2399
7208
217
2579
3234
1188
5201
708
7673
6770
2021
457
4147
3590
6656
1899
3064
1120
6616
6000
4916
1154
2299
3589
2390
2912
5008
3438
2031
3480
2415
4903
5655
1503
2789
3283
3198
1275
3552
4996
6420
4819
3101
2539
6498
2895
4484
5518
7417
6267
7522
6642
1803
7162
4040
2272
4776
4726
6345
1909
3446
7217
368
2556
5913
747
3997
2044
6884
2649
1529
5647
6859
5085
7515
6105
3723
3913
5883
738
6714
1500
5915
6828
1431
2771
4800
1131
4575
3900
239
4936
1483
850
6281
6730
7164
2056
479
1902
6733
6890
513
237
3119
6175
1835
1522
4275
3302
4463
2706
6053
4344
3161
1029
4979
1711
219
4553
4815
2692
6342
6928
5194
1022
433
5470
6322
577
2358
7378
7511
1250
7610
6398
5688
7729
570
6194
6045
1159
4605
3607
3268
1821
2163
3281
6657
6271
1423
4251
6579
2908
1679
5736
5084
5923
808
1212
10
4210
1511
7068
3757
6279
3312
6872
6130
6942
3338
3098
948
6353
1470
1495
908
3453
1044
4717
6384
6412
2151
832
1643
422
7040
6525
3850
6287
6737
2513
1981
7770
6052
6483
5972
3436
358
6759
636
1610
6347
2598
3860
1253
4635
3108
5014
2714
3889
5913
6955
1837
4132
5698
7971
2661
6792
6827
3287
7456
7432
3719
5505
76
814
2024
3226
6411
804
545
2935
7766
4347
311
7900
6493
4570
5406
5497
3000
2241
7697
619
3366
1151
2997
6267
5106
3284
3961
2327
636
3439
6954
5803
5437
5688
4328
6320
3432
6822
7470
1794
7926
1630
6971
7487
6027
5672
7007
669
2297
98
7431
5197
2003
3376
3568
6231
2042
6599
6767
199
3863
487
47
3674
6883
4836
5181
7928
1524
3249
2416
3615
6660
6
7821
3794
837
5753
2152
2801
2128
1180
7313
1240
6369
4691
2496
2201
4328
2249
3916
710
5114
3797
3380
5625
3793
1797
5656
1237
159
1491
4812
3537
2611
3706
826
63
7473
5299
6894
3810
5511
3102
6258
3859
3472
7551
2751
2476
2859
7240
236
558
914
6382
7690
1392
6891
7317
5311
1698
2584
5871
6424
4343
5690
7143
6196
2332
1554
2875
2873
2889
157
7363
4153
1416
7821
2439
931
1464
5330
7594
3582
7525
7724
3416
844
1145
884
4768
2475
1094
3105
7371
2524
1544
3147
2667
6313
521
5690
6218
7511
3773
6786
4447
2148
4210
931
3679
6841
1157
1384
4418
3402
1937
3342
7141
5206
3034
1699
3262
7820
6418
6246
2020
1117
1782
7223
5592
4797
7620
1476
2859
7079
3290
4025
6719
6036
6994
5331
6031
1164
3819
1070
2942
2470
7182
3551
6056
6682
7562
6588
1942
1623
1453
985
7251
1101
1911
4382
258
6853
7222
987
5012
5903
1206
4237
7593
5703
1776
1474
6069
3490
7707
6097
6313
7521
75
2577
2986
7422
468
467
6503
4219
1379
1613
3836
3336
1555
819
2441
7098
6671
3011
4250
4004
3930
4022
2977
6106
7420
982
1129
4651
7245
2676
1774
4649
1423
2944
6014
583
6799
300
6706
4032
6284
4191
6802
4503
1235
4331
3548
7962
2245
5919
4187
2269
6661
2479
3153
6864
1217
3417
1115
986
630
3036
3575
3212
1254
3927
2556
3453
2757
1061
7188
5351
6526
3557
4258
7262
7412
2779
1117
7513
1939
5733
2467
2578
4957
606
2161
1977
3321
5205
7913
6070
7967
7513
1510
844
7161
4410
4368
2526
7546
4976
1268
2963
2484
2312
6407
5011
2695
2348
4603
3464
5912
2103
2643
3394
7691
5827
2780
2476
4194
3294
5966
3648
3740
5232
4023
1543
7924
5363
719
5295
2744
7827
278
7573
4925
3518
2200
7818
1214
1376
4235
1398
76
2754
2685
1766
5607
5800
2408
4833
2758
7933
7922
7873
3407
1400
4268
5288
1495
4495
391
509
4458
1405
1280
5943
1197
5627
2401
1169
3877
2817
7252
6596
4893
3729
4817
2485
4693
2712
2065
7276
2320
7364
144
2420
7019
2940
1082
28
455
5739
636
7296
7267
988
5034
4694
2740
1221
122
293
1929
7221
1044
5643
6830
4466
143
6544
6173
3662
5924
521
2796
2404
2951
7406
4711
2715
5592
1916
1103
1304
5356
7003
7620
5244
3437
5345
987
690
7997
3629
1499
7221
4020
5338
7434
627
6183
6932
654
6391
7780
2108
2352
1607
4520
7846
5123
3648
4947
1271
4351
5861
2780
3421
1743
7226
5049
2435
3773
343
3816
6112
6946
4213
3995
7387
6102
4089
6431
6559
4163
6383
4048
6253
2298
1164
7002
3464
1525
3258
599
3547
7916
4939
7184
4458
5105
2606
3704
694
6067
6564
2409
3248
3445
3056
7806
1229
2358
2872
4618
1380
6333
159
6499
5519
3140
550
920
5488
3289
1047
5043
4354
7391
1458
2935
7571
2976
224
207
6998
2705
3828
1317
372
4327
221
1504
1158
3625
338
4835
6403
1000
1478
4719
80
408
4975
6185
5128
6456
1987
6014
5945
4587
4125
1145
7447
6020
2602
3948
6793
1122
6267
5506
2022
5615
1616
1724
2856
3218
5532
5863
1142
2184
6876
3633
1550
6362
1553
5458
266
4212
2537
7120
1092
2625
4136
837
2775
4559
3881
1411
2665
4599
7841
6376
7909
4471
7703
836
3877
6127
7905
3295
5632
2154
598
4506
5360
615
1910
173
5242
7752
2188
3980
7374
7738
5188
3958
2848
1558
5281
6523
537
3467
7170
2174
958
7522
6096
1079
5982
5980
3632
2955
3648
6298
3369
1007
95
1111
371
1784
7211
1356
7380
5822
4275
7330
2341
5879
3247
261
4956
1906
1614
2187
3198
1128
683
7115
2699
7256
1042
4488
614
7999
5420
4932
2218
1772
6161
5167
2287
3294
1366
3772
1557
6
955
255
6121
6647
2135
7107
7611
1570
1776
1630
7273
6013
165
2564
5917
3807
1456
7435
6985
1630
5699
3797
949
6587
6886
7688
6833
6597
2363
292
7678
402
7555
5597
4635
5458
6608
2245
4285
1898
6374
170
382
287
2867
3650
5416
6505
634
7240
3531
3315
4696
3868
2917
7588
7766
3601
1735
3961
2472
3029
2856
906
216
3601
1688
633
2698
1067
5004
4387
3085
6927
6647
7602
6134
1705
4299
4461
5269
1082
349
5007
4552
5827
3634
5224
2553
6774
5794
308
956
2046
6454
2844
6810
7758
557
4299
4112
2119
1606
4313
2436
4270
3687
7150
5484
6253
258
1594
2460
7777
3248
7770
7940
5587
6420
4754
1114
2850
2349
6418
4661
6319
529
7858
470
5294
4294
6374
866
3292
219
1910
4373
4845
539
6253
5882
3482
2082
5484
5058
3948
781
5006
3561
1532
2842
6726
6361
4561
384
7315
6773
4131
235
4493
1323
352
3121
1590
2736
4724
2397
4676
1588
4208
2764
7538
1726
6515
6687
1117
6924
2238
1127
1771
5176
80
5443
1847
2369
4802
2594
166
3297
6616
2283
2880
3329
7003
4659
5660
65
3919
5971
1872
3747
5949
2561
674
4408
1171
4164
3458
7105
7537
4636
6202
5038
4733
7638
2070
2431
2972
6889
4787
18
4218
3339
6790
6980
4133
5535
7590
6016
7903
7677
5662
2065
4847
3941
7538
1542
859
6322
3720
2581
2594
6366
3935
5879
2156
4185
2632
5677
6625
4325
3216
3839
4406
4192
6681
4836
6388
1569
7303
3935
4697
1318
1897
1463
4435
1986
1946
5985
1049
5951
4148
6599
2216
1273
1196
6845
6206
764
3792
2609
4274
1700
2960
6171
7492
7301
6863
3026
7522
3390
7309
1285
360
4934
1481
1410
6970
5220
3679
4968
4318
5765
676
7217
5018
107
943
1219
2955
6638
4990
5202
3158
6157
1163
5728
6737
2627
1352
1780
2434
408
1024
291
6036
2291
7896
5126
470
5053
413
7062
7970
4438
6078
1826
671
2197
6138
6114
1718
3249
1245
7058
6190
1099
942
2845
1919
3805
6837
2479
5504
3940
61
2159
7026
2094
7793
5640
2242
3851
7117
1114
6592
735
5470
6123
2920
629
2780
7007
529
1547
1294
3102
7021
3488
6736
5436
560
5887
4212
4032
5779
5334
1498
5898
5062
7820
868
3313
1071
4393
5258
6052
7532
2120
5810
7806
960
243
1314
4933
3309
2488
5977
542
327
2610
3119
5777
5024
679
6219
6694
5268
4273
5341
6074
1253
6003
2883
6299
900
3963
3857
7055
1442
3358
1436
2819
4199
2872
2276
5390
88
7583
6017
1926
2117
5908
1917
2659
7725
3652
3729
6179
845
157
2197
7969
3163
3991
6463
3203
7175
4369
3814
6949
731
4427
537
220
6702
4767
1005
5974
228
4984
3046
3467
2333
6675
1763
7455
3047
4151
1408
7936
7347
7844
2146
5205
319
6473
5247
3229
3751
4728
1294
2775
2617
5699
533
3449
5021
5471
7079
2591
3101
5955
1553
3364
4108
7979
5880
3875
6724
2093
7191
1731
3764
113
3094
6921
920
4042
6658
7542
6878
5074
7283
2354
954
5046
3507
1123
5536
6074
2360
7387
5882
2441
4300
5288
4075
6597
6508
5671
1040
7821
4858
2777
4472
5174
5582
6086
3125
2064
5414
4277
7410
5690
6128
4513
6819
7969
1410
2264
1007
4091
6643
6113
2968
845
4846
4955
2850
3916
287
363
2312
6904
2443
4120
5531
161
7696
3779
1195
3506
7854
7567
1311
499
7312
6196
46
4732
7356
1986
1918
869
4255
5264
3830
1130
5052
1215
3658
3113
592
2423
3290
524
3735
5570
1877
1635
7928
4075
2206
198
4434
458
2495
4939
3752
7112
1491
5624
616
6010
6302
4007
5233
2127
4991
5463
1600
4661
4965
4240
4109
1648
993
3913
1281
5604
4221
1539
7202
7170
7106
7142
3097
3206
4673
3036
6750
2845
599
1341
1853
5074
5823
3588
6451
661
1811
3200
1490
5602
3225
3924
4183
7865
6523
3141
2482
4013
2494
7361
1781
6837
3794
1519
2769
5871
2924
576
1325
44
1744
7241
6249
1525
5951
766
111
4697
325
2322
1240
7041
1128
4515
4921
2483
861
2596
1333
4711
3140
7472
195
4975
4675
3285
2001
6812
5737
6591
3119
4250
6367
1342
7133
372
2312
2096
6077
7321
7910
3844
4814
2450
6429
3403
7074
7041
5239
7081
6406
7464
6193
7184
2179
6037
7010
3521
5585
2497
5045
4296
694
2193
3092
3073
1881
5509
7719
6123
6913
4424
768
5480
4758
3697
6342
7675
2212
2266
6612
5850
3649
7151
3268
6758
5896
5180
6357
5341
4815
6713
6726
4853
1422
6198
7451
5309
7627
5894
387
7817
489
7295
2587
46
1648
897
370
994
5804
6425
2397
2478
4736
957
2234
4261
106
7839
5239
1121
6892
5148
5555
3408
412
697
3487
570
4874
780
3319
6237
2879
366
335
3906
7650
202
688
7548
4150
4526
1172
5415
1695
7716
4499
403
2041
3986
4721
5351
2122
4740
5891
2783
1909
5714
5081
924
1740
7370
2516
5987
1352
1093
3917
7344
1519
4073
7312
6770
4492
4196
4433
3475
6215
4670
1449
4147
3425
4648
2823
5805
3157
5200
2886
1746
411
5732
4588
2845
561
7312
2869
3305
2610
2077
1211
3683
4790
701
3644
7155
5717
6081
5749
31
6659
3162
5957
3039
6695
3625
3151
3148
2621
400
7212
7355
998
2105
7967
7835
188
5893
3635
2585
417
6068
2353
2369
6985
1800
2663
5845
1743
7682
3619
42
5063
178
872
7948
1765
1000
4578
7659
3609
2013
6358
3788
3899
5694
1181
6478
1774
1688
2092
78
6565
5565
1787
6631
2012
6716
5998
3975
1266
1559
1873
6723
5997
7490
1301
7293
5307
1296
1936
5622
2007
653
2496
1252
7167
2388
4318
1955
3445
1342
5816
2500
4430
45
6109
6923
7658
1174
869
6040
3861
396
5165
7660
276
4552
6195
7441
4673
4656
3308
3505
5094
66
7101
5354
7173
327
7071
4548
7675
2469
15
887
2192
2844
5096
6600
196
7728
3042
7048
2563
5186
5847
478
1058
7197
6192
2855
206
7029
3939
4773
2
7404
2071
4343
3436
2856
6635
4924
7700
2707
2384
3000
6760
2514
1622
1499
4480
1336
3469
4537
4304
7395
4708
5450
3591
5149
5184
2804
3489
1134
2226
3427
6780
7426
7542
3816
4297
1921
5670
3302
1157
4099
6611
5673
4753
7783
7440
1055
2883
6831
3344
794
4156
1771
1158
3521
2150
1819
4295
5552
7611
2305
7375
6083
3555
18
259
219
5394
6268
3732
2293
4640
4017
4764
2879
785
1516
7911
3665
3534
3186
3874
6948
2121
670
7711
4689
7972
1279
7082
1163
6729
4922
7102
3706
873
2713
5532
2680
3096
3589
1163
4945
3205
4096
4942
1760
6048
5936
2444
2704
3795
166
5844
1303
1257
5730
639
6551
4997
620
1525
7840
3505
1210
6532
1565
5994
6729
2820
3236
5411
2783
826
2038
7465
4840
3486
4836
1501
6528
5558
3469
7599
3134
3578
1972
4434
5420
727
1236
1081
692
4689
4754
1577
1682
5867
7963
5134
7228
4559
2248
5436
6022
2473
7636
2009
4020
6461
1111
2511
1365
3175
7699
5157
4095
6988
5660
4299
3286
7418
692
243
560
1612
5015
2158
28
6131
2364
55
5781
4013
2695
3526
5593
7214
1077
2539
285
3067
4728
4420
5158
6456
2741
7151
1023
2227
7003
3476
5829
7505
1757
877
1161
6646
655
700
7850
5646
2049
4486
5808
3347
7679
5867
2977
3477
3720
6870
978
5785
5179
3353
5785
7608
6784
669
4807
6530
6182
5172
3877
282
3367
1261
6663
1157
3705
6544
2839
5429
5284
6757
3837
3748
1416
1132
591
3438
1215
6757
5506
6363
4388
4529
7996
4821
6483
3921
7827
2144
3322
4016
3575
2315
164
2846
2774
4180
1079
1387
5780
6121
2256
2692
918
1875
307
4580
6485
7536
5793
5908
7768
4963
3478
198
6671
1782
801
7432
6477
1756
946
5496
7697
2952
4716
1790
1616
5143
4612
785
3417
5086
5184
1696
1502
622
2238
481
5824
5895
1615
31
5680
473
2498
4863
5013
4683
6281
4247
940
4769
4501
291
5658
1258
4223
937
2586
5590
1099
7302
3567
3172
5365
1304
7929
2083
5736
5215
698
7739
4721
468
1787
5516
3599
1816
5630
7154
2390
146
3616
4762
6272
1781
1001
2447
714
3206
3110
3595
3480
7882
776
1202
3099
2953
3914
378
3198
5407
337
3929
4190
5427
2045
1213
6526
6249
7542
523
5830
4276
2730
5579
1140
4727
3432
1514
916
3864
4978
2707
3655
6272
583
6607
6053
5242
3665
984
1677
308
1946
2523
3857
7531
1276
2179
5059
1393
2319
1273
648
107
543
6706
3842
260
4626
3899
977
266
4933
2014
648
6722
7316
565
5433
6877
3782
2027
7649
664
736
5490
7016
5147
499
753
671
7160
6515
7020
5777
7656
6778
2502
3339
3550
3761
5824
3649
2158
1675
5873
3115
1904
5748
7718
5819
2381
5128
7572
1367
1321
4342
4361
4237
1612
5065
6208
5261
5241
7595
1676
5002
7726
3401
3041
458
1547
7049
4268
643
2945
2623
3883
5670
453
4407
6542
4311
2841
3879
244
6284
1370
3659
7402
7437
3509
1788
4998
7392
4353
2447
5340
2765
6745
477
5844
4658
4616
712
5392
3434
7065
7015
4880
4386
5157
7592
7294
1851
6489
7326
7781
185
1181
5574
4853
567
7812
5836
3858
3160
2820
4608
5860
1907
687
4246
3399
858
7250
1762
7233
6193
4842
1538
7321
2577
5443
517
1508
4750
2988
667
6912
5393
7510
6245
4413
6787
6534
4471
7502
3809
5221
196
7228
5379
3353
5906
2330
4668
7479
1082
3428
3290
6476
2277
6465
4947
7731
5328
5219
1720
7655
3461
3477
6429
2095
115
1461
974
5296
5184
7932
4576
3347
2811
6517
818
473
6127
995
4232
2854
5895
6961
5059
7720
5145
7226
3609
7952
6198
3498
3156
3941
4152
1473
1558
3056
3771
4465
3718
6537
3010
5495
2386
5590
2803
2198
3151
6359
1860
7757
4904
4392
2112
1009
1086
7340
7141
5387
3661
5057
866
4639
2717
5954
3310
2887
658
6703
1851
3478
5168
3518
3901
5442
6260
1492
5657
314
2695
4000
4156
5014
4765
922
2252
3659
6921
1931
7367
1916
7877
2440
921
2416
4377
6261
3115
2035
215
5758
4634
4499
3332
1514
6573
4032
6203
6437
5957
6035
5155
3661
277
5949
3742
6442
1075
6383
1171
5915
5715
6053
2214
7141
3171
5775
6945
3441
4326
4274
1637
6485
2956
615
6679
433
7581
6079
7931
1506
5602
7372
891
3044
6047
7032
7315
6688
748
692
6847
4979
489
7786
3705
6680
3055
5568
2607
2329
7437
3449
3017
986
4636
2830
184
4728
4282
7862
6037
6278
2125
5799
4037
1369
371
603
1924
5729
1816
7044
689
6358
1253
7798
3843
6637
7677
7604
7604
2464
1111
888
1873
4659
2284
853
3105
3497
3553
4840
6994
7695
4318
7411
7412
143
7169
495
3968
5793
4021
4771
344
5393
5487
5991
99
2776
2748
507
1344
2563
5386
7787
2765
1311
6119
851
1895
6641
6362
3278
4033
367
3677
905
7907
2936
5207
4919
5109
4588
3360
4671
1549
2940
3184
5421
5519
4399
5523
5318
6550
3932
7690
6274
1344
4156
2243
4664
7867
7764
7638
6974
2972
6906
4680
1924
6466
993
1701
1990
2267
213
655
3582
2234
6801
6905
2866
6296
2914
7140
5226
4598
1388
2700
154
4037
5342
6230
306
6065
745
3572
6191
36
6417
6148
1778
4534
1596
1294
2747
5130
187
1583
4522
1243
2192
2547
5072
3289
1155
236
1539
4778
509
4297
3973
3978
6464
3986
5331
3675
5822
1714
4559
6299
2684
982
679
5561
7038
6181
6872
5355
178
3071
7600
1886
4904
5887
3373
1425
4024
5491
5882
2318
5929
7934
2547
7
2242
4628
4874
1466
4040
5624
730
7981
6123
7397
5009
4478
3946
1971
7053
7640
5529
900
2872
1708
1538
5774
312
3369
152
7682
7183
2077
7112
872
6050
6020
2212
1049
2846
5676
1864
5484
3965
5259
1616
3839
6018
2380
4438
1809
7236
41
87
6693
3416
499
2255
2873
4798
519
3744
4996
4521
5436
5521
1454
5231
5890
7270
5231
3110
3841
153
7425
6420
1421
2207
2004
3174
6200
1174
4449
6539
4871
1544
4254
4272
7050
2062
6838
2684
1632
4508
2940
777
3242
1548
2790
3897
946
1226
6681
7050
3547
6093
5811
5219
6589
860
2013
3333
5587
6326
4202
4488
4730
4682
2479
6327
5000
2360
6157
4187
5786
7130
717
7395
1033
7083
6602
4636
2805
4274
2484
2268
2708
2440
2818
2042
2291
462
1157
6765
5367
6815
7105
6608
1901
4028
7848
7339
2525
5061
7210
930
1147
5740
6355
3265
6162
6949
6138
3556
4979
1787
5497
3004
7351
4683
5285
4785
2221
6958
2002
6285
1209
2768
1963
1545
4996
611
861
2841
3157
3343
2206
3301
7423
399
1150
4159
1273
774
3013
1387
2764
4330
4665
140
3538
2558
4014
6697
4567
4787
7228
2206
7198
7281
1770
7841
5703
205
5980
3939
6310
6340
2903
274
3540
3764
5268
5978
3367
2452
5513
7276
6975
7694
3181
7709
3347
7221
1499
1652
2143
7834
7280
3135
1198
7503
1247
2924
2547
7667
1188
1838
3909
7750
1688
2389
2609
1727
2568
7839
4284
963
7930
5047
2028
6480
441
3354
6065
4839
2644
7732
2562
6878
1055
745
7168
4337
7276
3197
1265
3612
4149
6996
7402
7134
4413
6285
2035
4198
741
84
4328
5743
554
3880
7625
890
6118
349
2192
1769
3309
7529
7372
1674
1584
1077
6363
1921
7823
6952
5458
4811
5219
3062
7847
7975
2728
1016
2282
6464
7710
4638
1816
1060
4628
6683
47
6521
3347
4769
5179
558
5056
2922
221
3778
4463
1375
3077
5870
2107
702
480
228
6772
6351
2636
2236
209
207
5977
4204
1113
5467
3072
7424
3861
308
3804
1053
5672
4821
1318
2769
3982
5530
338
5068
2765
2200
863
6084
6940
6677
7443
293
7424
6429
4152
473
3580
293
5832
1156
4957
6939
4434
2778
2175
4497
1284
1529
1121
6765
6148
1350
3544
3149
4409
3459
2249
6735
14
5413
4380
4195
1358
6459
7276
6695
6739
5336
2154
2207
5822
2114
31
7449
6119
4928
6744
526
6867
1188
5279
5703
7892
7232
2039
6844
7450
1881
404
7636
6136
4534
2676
715
7581
1414
3717
2236
1450
1731
5508
2325
6456
7008
7093
1705
5264
2873
722
6478
4809
4308
781
377
535
2955
7400
949
4577
7207
2193
5613
6791
6639
6984
7571
3237
2334
1220
1585
1184
7444
5376
1915
6493
4183
2472
2798
5876
7445
7771
7644
2088
4539
7208
5730
7599
4224
4225
5314
2358
5178
1835
6189
3908
6179
2843
3967
701
1692
1008
7829
468
6065
2797
7569
1939
5096
2151
6848
6667
2950
2656
7616
4910
5180
348
6714
5217
1188
2272
7194
1663
510
3711
6777
210
2230
7987
1687
3780
7963
4691
4973
1644
2846
5390
4037
4519
7518
1609
1007
4989
4011
5092
2154
7109
3945
120
4142
3528
3390
4566
7815
2308
1417
1717
5173
7874
5309
579
421
3503
3785
7856
469
2365
7273
2121
6324
4825
1910
3188
4390
5855
5467
2367
3932
1156
2063
2862
3770
3912
7418
890
4885
2988
3178
5361
864
3383
7857
1092
1967
4251
5237
4187
2484
7075
7487
7203
1546
5496
6176
3328
2120
5850
7185
4017
7745
3823
2811
3713
4767
5752
2573
974
2983
199
4377
517
3263
5099
4508
134
5222
483
6374
3487
7451
2150
3045
7165
7346
4714
104
740
5428
58
3439
4279
4377
2582
4195
7073
3425
5567
4748
1589
2185
4446
5005
2279
302
5923
2284
7925
7820
6253
899
6438
627
2478
5575
6444
4758
6328
1492
4088
5610
7192
189
2688
4649
5059
1782
1334
2557
2724
779
2687
5459
7741
3973
496
3829
7034
5617
6251
6049
1523
5735
641
7826
5893
5477
5011
7451
5252
5304
5965
6442
3624
1175
2881
6129
1716
2879
1905
2070
2700
3868
6250
3410
3299
5414
4874
7021
5982
5940
3419
6194
34
1821
551
1803
4610
305
323
7010
1468
6020
2269
7180
2010
5600
6979
7371
5945
2834
6997
4736
3864
2602
846
5048
4005
4634
6204
366
4090
4032
6789
5152
4101
6840
6324
1864
7321
6421
7884
3625
700
79
6028
7756
7732
3949
5321
7651
5084
6408
6167
2657
2178
2144
1079
3106
5643
3411
1347
7034
7475
5488
845
7092
344
5405
5059
7071
5263
3087
3925
4627
5344
3086
1471
507
3392
3565
6803
5666
2672
2028
3991
2430
6568
3114
2634
6539
7928
5193
6737
1870
1007
5135
2347
3412
7967
2797
3184
5138
2331
4690
3085
117
1110
5392
562
3901
3982
1077
913
620
6250
4338
1925
7220
1603
7160
7196
4569
3532
4972
5977
6920
4357
105
6352
3330
7488
4490
6170
4690
7852
3261
525
3390
2896
76
1356
3682
3537
4131
4427
3347
5427
2422
4423
703
3880
1810
4034
4417
1200
4627
1373
7622
3812
477
4056
3400
880
2692
2181
7417
5873
1473
6335
6712
6553
1310
6135
4387
2362
777
4003
347
5574
3360
4088
318
2474
2012
5124
4960
4288
5959
7106
2806
7759
4690
4679
4687
5629
5227
1143
1773
3276
7799
1841
7415
1686
3602
6619
7577
3678
5845
5200
4349
6254
425
4157
7129
3557
5140
5460
6334
5035
4654
2246
6139
140
3806
3568
7021
576
5061
4179
6058
5009
5736
2338
1166
3390
6935
3837
7443
4791
4971
1090
1390
959
4214
1435
4152
2555
5046
5642
2659
901
5626
5406
7602
2184
6884
6249
1087
591
7909
2647
129
3792
2070
1095
5043
1255
3834
7024
623
685
2280
1558
5399
3458
2602
1074
1192
1082
6445
7627
1774
2318
99
2093
190
4749
3884
598
6972
6998
2785
3116
3848
2903
1139
4604
2392
5567
2816
3144
3578
4629
1603
7089
3580
7588
4470
5816
7343
7041
3592
2942
7910
3445
4822
1515
3934
737
4042
4847
7466
3181
4444
4717
5004
7760
5411
2632
3617
6512
3198
1543
7327
7903
1536
3319
6190
126
4481
200
3253
4817
1064
1932
7739
2228
1560
3819
