sequenceInt
3203
2947
3064
373
3963
3844
1235
167
3482
1908
1799
2741
829
486
2246
1180
2110
767
553
2016
1092
3376
783
446
1989
437
3480
3579
111
1242
547
34
2218
3543
2660
1707
2780
2888
3872
3260
1154
3765
65
2215
2679
1517
3648
2872
1370
781
1972
2540
130
935
2153
1203
1801
1652
3989
3377
763
110
1779
1302
1646
2883
1453
3661
1065
2233
61
1645
112
2343
1824
100
2010
1866
3963
382
1823
632
2984
188
971
294
3134
1475
374
2206
3092
430
949
2837
1074
1007
1307
146
2909
1455
1950
428
1161
50
2959
1450
2471
194
1384
3065
2484
3079
2834
3769
2299
2826
2513
1608
513
2824
3365
2383
3348
1940
2584
854
1154
88
2136
937
3976
3786
2175
2378
1002
1480
403
1771
374
975
1571
1446
3354
3736
2072
3655
30
10
3466
1360
822
2539
2398
1869
2065
881
506
3181
1733
1295
3001
890
3380
1989
708
3993
1802
474
3705
3519
914
2413
2193
3547
3117
969
2281
2915
741
180
2367
787
3330
3268
2300
2634
2838
3906
528
113
595
653
2135
3259
3167
570
1565
646
2868
3476
1933
3201
738
2011
254
2985
752
3225
3491
260
646
457
2757
2536
2675
2592
3890
2853
352
2662
3983
3789
351
1614
3370
2947
3579
3727
2727
1137
2381
205
305
3194
2743
1284
1606
2059
2908
3658
2218
187
1154
1213
1141
1201
2016
1717
3704
151
2780
3656
1382
1210
2682
3534
2760
3648
27
1607
817
1711
2323
3868
889
165
2845
333
1235
109
914
3803
1560
686
2801
359
3548
3331
1908
3363
2832
3492
2504
104
1576
2004
3537
2730
1382
3935
2373
488
3479
1290
585
3106
3416
148
2662
1549
1842
3772
2025
1253
1112
839
2333
2832
1137
1472
1757
1549
1801
562
2012
2848
2176
2358
3391
797
3166
3796
2333
3231
2130
2677
2920
3445
2241
3684
410
3459
2813
187
1895
203
3404
2708
919
1328
2141
1866
2988
3908
2242
265
838
1270
3232
1141
76
3856
3591
1644
2039
95
169
1812
3284
3784
50
3561
2138
1076
2167
1995
3270
678
3807
2060
1820
3964
2761
100
3278
1380
3603
1126
3460
592
219
1848
2343
3229
109
2601
2643
2373
1841
1542
2935
2540
1918
419
780
3335
2662
3471
1522
792
1625
3250
726
2579
2375
2849
3188
322
3196
1540
1523
2307
3583
464
2721
275
974
944
2399
3026
2807
1363
916
2632
2178
1164
1318
519
1477
3784
324
3968
1370
726
3200
798
2207
1238
372
1980
1390
3139
2141
1139
379
2610
1056
3429
23
2649
1468
2776
2913
1746
3078
1530
2549
350
1076
2988
3638
2276
2138
2801
2445
287
1172
332
2097
2547
3966
1598
2145
3974
3947
2822
1726
1036
3105
2047
838
101
2342
816
1869
918
2671
14
3707
2815
421
1249
555
2964
463
2975
1489
553
3065
2551
1871
728
1682
3099
671
331
385
415
3080
684
3790
3954
2400
2933
466
3518
1609
1592
953
3408
3239
3024
2736
3969
3622
994
771
3908
1177
1312
2956
1628
2231
1196
2744
1453
61
1726
2949
3781
2093
303
593
2025
1448
3753
2092
1929
2966
3746
758
3106
3023
192
2113
969
337
2644
3933
2299
2024
1429
2380
2473
1640
1935
814
2852
3861
3236
2405
669
1029
1189
1314
1314
3205
3036
3214
2993
3450
2421
2649
1629
2060
1025
3084
1277
2079
2542
2390
141
899
2648
3682
1717
3091
3697
3753
2917
231
3077
3316
3500
3137
158
1380
186
1332
3374
1120
1151
3676
1018
2310
2821
2534
2453
107
2715
2350
3155
1232
170
2955
3050
2370
522
388
3849
3343
63
1657
2233
1265
2869
1537
60
3922
2524
955
453
2151
2866
2905
2418
3340
82
3426
2077
2547
1926
37
1878
2103
666
3873
1476
3665
2587
2439
1395
1287
1371
3026
13
2744
1527
1366
3354
1054
3405
1509
3670
1737
957
159
2590
2285
714
235
1334
3237
1727
964
3254
964
3272
3521
2629
2331
2111
1865
2656
2550
2525
1112
2096
3033
975
189
2450
843
209
3383
3292
1530
1531
2812
3694
1269
581
3501
3316
384
3490
1087
1387
2217
2469
1187
299
2083
3537
3626
989
3438
979
2594
1233
3038
3451
2813
2275
1000
1898
2148
3514
253
1748
2914
1502
2519
1266
3117
2862
1407
767
977
106
3111
43
1392
2992
1879
1850
3542
3695
2083
3346
3972
1649
2992
1353
2617
2900
892
3221
2190
2832
1411
753
615
2097
109
3528
2199
365
3973
199
2571
2341
3822
153
2620
1794
3669
1941
984
2988
2555
547
1052
2949
3692
2393
3305
1651
3184
3926
1362
1783
3649
1502
2176
1037
1965
1857
1335
215
3465
2333
3080
2411
553
1760
2446
2583
3382
2537
64
3156
2502
56
1271
1330
704
2404
1952
629
1754
2464
2427
3662
1346
3239
1492
341
823
2919
2571
1826
3061
3568
3890
3457
245
381
180
3288
182
1295
436
345
3824
719
2702
3894
2631
3147
1214
3437
3951
3785
3483
3438
2650
3872
2480
1557
2117
2248
32
831
3195
2648
2694
759
357
1210
1531
1075
2519
101
3770
3040
2953
3852
1753
2814
505
2105
1190
2272
1733
2691
3834
2689
3261
3833
2069
1855
524
2647
712
2491
3957
2430
2922
3708
43
3064
2828
3008
3847
1808
465
2221
2462
371
3063
3770
1271
3358
3350
158
2769
786
1226
3666
966
2862
191
905
2018
2283
1779
3339
1859
2527
538
2369
3659
2980
1184
877
3708
142
3999
369
1926
740
434
50
2669
1400
415
112
587
3199
2682
1096
2551
3554
420
2010
1899
1976
2257
2889
1608
3922
1621
1066
1377
868
1649
3755
1552
2166
2842
3406
3104
865
3903
1050
58
41
1538
1584
3087
3468
1879
729
3872
1723
1819
3019
599
1125
3592
2714
735
409
3452
1702
140
3412
49
116
656
1123
790
1872
3116
1756
923
3866
2994
977
3338
1062
2314
772
3523
3726
3595
3554
2271
2589
1252
241
334
2083
3070
412
651
2847
3605
2383
1896
3266
3799
2424
2695
3841
853
1917
2453
945
125
2986
248
504
1216
1618
2643
2082
2729
2693
1007
3079
880
1609
1653
91
2476
625
1983
3405
1365
3775
661
2620
3382
581
1140
1687
3219
1211
2130
3004
970
3972
630
617
1886
1796
239
1623
3640
1114
2012
3367
1024
906
2529
310
791
2486
2756
1189
1993
1734
2647
1414
707
2609
947
2846
1717
3475
3355
3485
2986
835
3342
68
1214
3712
2845
1470
967
1473
1023
3090
3196
2472
706
1236
1343
193
3854
2477
984
3731
771
1492
1053
2983
2707
3724
3573
1733
2414
3021
429
3436
2534
2842
2327
2793
2702
3534
44
902
2086
3356
1314
820
1611
218
2530
1866
3455
2739
1432
2362
1279
398
3594
2167
1017
3396
1750
3600
2858
624
1329
986
333
3647
675
2317
1463
2477
3881
2147
2167
1216
967
3119
115
313
3491
2788
94
1444
1829
2951
2854
503
2409
2685
1250
1551
2856
3023
1877
3558
757
2463
3485
2936
2112
1001
590
3735
3760
2409
1714
1823
2974
2791
1278
1540
3372
2611
3854
2227
3040
3918
564
1750
2631
99
3483
3481
3376
3590
716
3999
381
1513
1978
1478
758
1009
2154
645
1084
407
3653
3670
2884
1594
3385
3098
2652
892
664
1513
3624
559
1739
948
1281
3158
2064
1951
1278
1380
251
388
954
1560
2682
463
623
689
3736
1509
3944
1308
693
1028
2826
399
1071
2618
3800
912
905
1945
916
756
2794
1369
1625
2339
3180
2643
2687
413
961
3109
2915
284
1658
1411
1371
601
2072
3674
2945
2274
757
2917
3093
561
849
548
1440
1350
1769
1454
3915
1725
161
3476
1707
1648
2181
2573
2260
677
552
2088
2816
2041
3948
1789
1537
180
1079
2406
1461
1422
2494
3066
3473
2150
2191
77
858
12
2636
2515
1154
3561
2878
890
2346
1808
676
3080
2326
3131
1698
1538
1522
3142
3898
776
2171
912
1775
2297
2174
320
3798
3210
2947
1771
748
3991
1859
1814
2535
607
1960
1095
935
3815
2257
3516
3811
2040
1496
3551
3246
2012
3767
2719
137
658
2946
1691
3770
3729
1382
3160
164
2631
1313
2890
3600
1258
3194
3265
589
3553
744
908
3803
2875
3710
3344
2133
369
490
2525
2930
3772
1014
2373
362
212
3686
3558
746
3212
2810
1099
283
3187
243
451
2232
1143
890
3279
1136
2942
3516
1375
449
1762
2429
2797
3279
1760
1302
346
1872
1599
1698
1714
2098
3916
2974
3560
2882
1800
266
1685
1588
341
1042
567
1647
2085
746
485
842
2304
3331
1235
2352
3573
2744
1970
1164
945
1287
2086
538
687
3768
2155
2457
1481
1123
3707
2415
1980
721
1295
1575
3896
163
648
1282
2695
2070
1077
2073
2532
2560
1294
970
2
1456
135
1846
3716
101
214
914
3152
1840
669
3124
2414
2555
11
3800
3708
291
2115
2028
2066
3228
3216
995
3763
1066
1274
244
967
2836
2863
1730
722
1351
1155
382
2839
1461
2296
3987
2188
2329
918
995
994
323
2994
18
1549
672
3283
129
145
3070
2982
2308
1787
3693
117
791
3136
3564
3017
497
641
1479
411
551
510
3497
1131
3543
2187
1043
1870
1416
2740
3043
3133
1050
2650
303
610
2965
868
3475
2521
839
2630
938
2765
3551
1524
2026
2471
1729
1086
1959
3390
930
3674
1089
3485
1479
3826
61
47
2539
3814
1858
668
1650
884
197
1917
1795
1259
2536
1278
1604
3505
2923
459
308
1652
3244
2633
3850
549
2822
967
923
3467
362
3299
2851
1805
2276
3928
3330
1442
3449
3685
1753
1208
909
2484
627
961
1339
556
533
2038
1539
1957
3402
2738
3020
221
1092
273
3031
2437
2840
1914
1650
3122
2718
1727
956
3880
2897
3058
2579
1632
1414
779
1439
3419
3099
894
3127
2153
3675
2497
2313
836
632
252
1471
346
3140
1979
847
1751
1312
2471
243
524
29
918
2321
612
2434
1257
2763
2600
3669
3533
3500
990
71
2227
3517
1044
1369
2255
3280
3981
2422
507
1987
515
2760
3803
3580
1248
587
876
147
1383
605
2323
2395
3790
1425
2843
1524
2064
1956
3440
2414
3921
1391
2574
195
580
3434
2871
2962
1849
917
0
3863
425
3852
73
3250
34
3535
1514
2344
2341
3342
1602
3705
3449
1726
703
327
2542
2998
2151
1994
646
468
1231
3847
3859
1998
1983
243
2697
422
3775
3143
1526
3189
1664
3410
2123
802
2073
636
2025
3400
2390
1688
1417
2945
3750
3339
1152
3147
2423
596
3034
2396
3153
2584
2003
1911
884
1153
2650
1032
1355
2286
3071
92
366
1042
2096
67
2765
1257
1063
3802
1321
3768
1342
1495
2956
1925
145
149
1156
1538
3634
2167
3989
815
2081
511
1060
250
3036
119
3163
3194
3100
2694
1445
3040
2372
2600
870
79
3792
1811
2177
3622
3482
1864
3994
3680
1444
2499
2564
1082
3278
1557
447
2295
2487
218
2908
309
2560
1382
490
830
1476
982
1771
439
2073
2510
2448
2115
1884
2606
2420
3580
549
352
3098
3986
3888
1230
1725
177
2386
227
2762
3200
3706
2450
1618
2717
1831
2051
1152
906
1434
1194
776
3142
3205
2032
2646
3553
381
1764
1282
382
3268
3367
3495
320
142
2274
2644
2198
191
2125
2218
1521
3372
1589
2416
1938
3397
2383
1433
2369
1312
1951
3993
2280
1062
1328
2015
106
2619
2910
1201
1369
2659
2543
187
604
45
2477
3486
919
1287
1519
1832
2122
2412
3187
22
3063
2558
3085
818
377
2301
3433
3980
1540
2164
1543
911
1035
1706
184
2621
3759
3441
3276
3600
1105
2956
3835
549
3965
3947
1183
3339
200
1357
3768
1508
2188
2422
3855
3885
3868
547
3770
328
3268
3873
2606
657
2736
912
2058
1809
3555
556
992
1581
1874
862
2729
783
1249
3621
3805
1538
684
2611
507
3320
2653
3200
1944
2942
205
3530
2038
1240
2481
3960
833
3602
1700
2478
424
1361
496
3379
2462
1563
422
335
869
833
817
45
825
1583
766
2771
763
1178
2360
2906
3177
3666
1100
7
2633
3617
3403
518
1608
2163
3366
3087
3867
3954
320
1104
2597
665
1820
802
1198
2077
2900
3719
2034
2070
2056
1284
2026
3791
2862
1170
523
3547
2995
3601
47
1170
879
504
876
1471
2688
538
2579
742
651
2385
2059
2211
3424
757
891
2557
1245
3072
1680
13
579
3309
3651
3018
2695
71
182
1279
191
2149
1979
1249
1055
1827
1545
3253
2879
2681
168
450
477
3786
3454
3324
3005
301
1520
1110
3491
1550
486
3393
3605
475
3935
2509
3832
2110
1117
1220
2949
2191
739
3781
1611
3434
1524
75
3418
2461
1296
2003
3874
2199
1924
1351
1918
3841
3013
2938
1759
3690
991
1407
926
539
1329
372
3109
365
986
3983
665
1304
513
3917
1671
378
1599
587
2910
2384
1551
1918
358
1816
1328
2424
3505
3896
3056
3500
1219
3258
2206
1327
127
1377
3668
2564
511
3304
1212
3898
3749
2186
2901
1342
2755
709
2296
3696
3981
3972
2921
3776
3140
2937
326
3800
2945
459
762
2740
2488
2011
3802
3404
1693
3678
3248
7
1313
3533
2643
290
2125
1575
1687
1502
1125
278
1912
2009
2089
3995
2439
2954
3091
885
2236
1121
3047
340
2305
440
3810
3563
1624
1102
2556
153
3286
2187
190
1943
3597
3827
1877
177
1878
3483
469
485
1744
3686
1526
1930
2046
3393
2062
1097
2679
2766
1932
1244
2317
930
220
3585
3105
1183
1303
3591
3292
342
3944
1627
3078
3334
2590
1962
2239
1673
2237
2112
2897
542
1176
3528
3895
2917
570
2446
1575
3910
3888
3548
260
265
1395
40
408
1639
220
902
989
3867
3902
2143
3243
272
2458
2835
3945
255
2434
238
1734
3930
1906
1145
2191
1890
2428
1009
2377
3454
1339
228
2707
3178
3266
213
2568
510
2175
3723
2460
263
3453
1506
1916
1520
3540
966
2378
2190
2458
2658
145
2169
743
1027
716
1318
797
3421
2247
3074
202
2121
1676
3651
2714
2992
2865
371
3591
1273
1593
1514
3898
3745
3241
3159
354
2175
1173
3925
2096
917
1231
361
1016
381
2580
3912
3373
3038
1809
2101
1767
1422
227
3583
66
2164
1152
3604
3563
471
545
2652
2337
796
1874
1707
647
3322
2789
1317
1080
2250
3483
2069
2769
1003
1526
2486
3360
1836
1701
2798
11
3804
2986
3681
3360
28
766
3369
564
1659
1088
118
77
2048
522
1588
1354
727
2708
1135
2532
3015
1465
3703
2704
3686
3319
2844
3162
3049
690
3122
58
1892
1167
353
3447
1074
3719
258
1639
1991
3603
2246
2554
659
3962
1688
2418
3851
3488
2458
1060
491
3632
562
2507
3931
1885
1753
1788
2808
1040
1919
150
1985
2299
679
1274
3357
991
1117
2562
3019
813
3999
281
2440
2263
3548
1602
2291
695
1306
738
804
1007
320
1901
2260
1347
3271
2618
3025
1383
272
549
2654
2461
3283
2137
3906
3048
3414
3847
1944
3404
3867
1304
2491
2711
3039
3692
3420
182
3643
2910
2338
3468
1208
666
3497
3412
1699
640
3413
3847
2637
2554
909
884
3297
527
3836
2258
735
776
1143
3314
1509
1681
3427
1040
3670
2380
3542
993
2274
1350
681
105
2351
845
1478
3770
2269
896
3530
1331
2604
2184
3737
2575
2889
95
2715
1484
2776
10
308
3580
1895
2131
2120
182
441
3123
548
3354
320
2779
247
3027
3528
3505
1868
3999
1791
1790
1756
2495
696
1758
3132
1550
3768
874
2084
2958
1394
2785
3553
2026
2718
3671
2805
3442
1750
1955
1996
1993
2399
95
729
1459
3025
2206
2977
1290
3690
896
3224
1810
725
3192
791
1132
3034
1848
1077
1977
863
152
3977
2702
2598
2784
2026
698
1498
2311
1089
899
2192
243
2412
1573
2382
1477
1709
3937
3573
993
2790
3602
1624
1671
448
377
775
2651
2327
1438
181
1488
1257
1801
3993
1414
2875
742
2647
1957
1113
1104
2903
2632
2022
3728
1697
3091
1059
3212
14
1347
3250
661
2012
2386
3538
3794
1774
2548
1383
3819
3087
2741
730
3813
1979
2284
333
2244
2508
1729
1681
621
24
3886
2043
2887
1272
19
3288
3026
13
891
2927
2036
3444
1951
720
2161
1282
1043
2105
3752
269
3195
2271
47
3383
3224
83
659
1404
2640
2580
3184
2520
16
409
3017
449
133
3939
3566
3866
3393
1419
28
1194
2480
1457
966
1793
2202
3300
3227
1014
1646
2461
1676
2487
1818
1883
1448
3456
3214
3981
1864
2202
3692
748
1117
651
3158
2983
2236
1665
555
2739
1520
808
3263
726
3113
3547
2581
3470
232
1983
984
1994
1536
1577
2561
1274
1817
406
1097
2630
2753
2352
3331
3934
370
2213
3255
1046
834
2520
2818
324
1844
1998
1622
2373
3440
2744
1316
1973
983
2416
2670
3148
2972
3504
3560
1294
2724
1904
2067
2208
3959
3034
888
1274
645
47
1224
2304
2795
2195
2595
780
2133
599
2891
3620
3890
1289
3199
1427
1731
1461
2881
821
1922
3003
1201
3251
899
2384
2936
1472
1955
1805
2189
3015
3522
1287
2186
583
1311
2523
2887
937
1442
2318
1603
2950
796
1079
1593
2603
2642
3438
1148
2023
3476
2630
3266
1479
2200
590
1972
60
726
3510
55
3888
2426
2496
847
1413
3756
326
3036
3518
842
2637
3507
640
110
715
2848
1763
2314
1511
1292
3851
443
2868
2497
2948
1810
2921
3635
2751
3213
3981
1245
1988
293
1241
66
719
260
1797
1340
794
2685
2566
1280
693
1642
219
145
3486
636
3559
3608
1431
1650
3944
1316
415
2997
2212
506
360
437
1062
1553
2181
2707
1590
3158
256
2393
923
3237
3641
2514
3996
2576
897
1029
2405
3488
3947
2394
1397
641
312
2047
1948
1795
2619
876
192
1394
2186
1036
1492
3980
298
2360
1999
1063
3810
1583
3250
2528
2757
2569
3039
3462
1227
1672
1305
485
3789
3123
1623
895
396
553
1068
3726
930
326
1886
1534
3395
1512
1439
2428
524
1664
3762
1164
2376
2270
3802
1477
744
3217
1009
3672
1088
2212
1324
3386
2289
1627
2134
381
3097
1627
1738
2079
2818
1419
3627
2700
19
3798
671
3589
3993
2442
414
2334
979
2260
1740
769
40
3309
2158
2435
2486
2144
2994
3308
3630
182
1993
824
3755
531
1873
2661
624
3131
94
1703
3702
3518
895
3457
2071
1359
1882
1649
3039
3935
1329
2688
2342
2591
2181
1912
504
1651
26
1476
2030
2200
3322
610
1924
140
1247
1286
3614
1149
3288
1422
454
1439
1960
1307
3506
2912
3966
699
1634
1312
624
457
3310
3590
1752
2543
658
2109
752
893
3021
3203
3275
314
2862
3387
3960
1410
3339
3207
3909
3787
384
1055
1926
3158
1991
833
1361
583
3103
3931
1798
2464
2579
2924
3378
1468
3198
3653
3025
828
3469
2378
1231
1193
3895
1542
1185
1670
1934
254
1277
1485
2047
2100
13
253
1372
1775
1184
778
1812
3552
1024
1067
1137
2954
3188
2937
866
1093
2441
1161
2232
3207
1065
1658
3731
720
1663
1690
3783
594
1231
2145
306
3006
2826
1066
3477
110
1432
496
459
3637
782
1670
2765
1126
2268
1720
3209
1393
3428
3442
1688
46
3779
2250
2196
1292
1179
2827
556
3493
480
2130
2229
2790
555
1892
2687
747
2856
470
2036
3018
1777
1155
535
1660
658
166
1765
2037
3946
65
837
1525
206
1132
539
767
3629
3682
3554
1668
1045
1792
1316
1794
1833
1031
1407
2610
3620
2608
465
3948
1589
3403
2413
2446
3551
3307
3634
51
3630
850
1022
2024
2202
1409
47
2691
1821
1645
28
1824
1639
2972
2510
1639
3164
68
3699
812
3766
3622
2429
1141
1126
3738
1410
2216
452
1230
1166
3460
2352
3504
710
523
3021
2288
2564
1903
1228
1758
1749
480
565
3107
2650
241
3189
1874
971
2835
1957
2031
3108
3364
3141
3075
800
1416
3633
3703
3751
1559
1516
433
3538
1050
1084
2730
1012
3600
2394
936
1786
2449
3283
462
1616
3326
3593
30
2041
1339
738
948
3216
283
1828
605
2750
1753
2427
1536
1753
2395
3457
1189
3524
1391
3390
73
3776
833
527
2888
3329
3002
1732
3226
2509
1809
3730
1721
310
3433
3105
2305
188
3783
1400
936
944
2689
3487
3732
3097
2695
2043
882
2033
476
1751
585
674
523
2431
1884
2164
2966
308
3840
237
2681
1673
2735
2219
1316
365
1854
1508
2294
1652
3280
1994
109
1121
373
1436
920
3734
2922
3419
2821
2181
2444
1711
3849
20
3296
1170
3773
730
2391
3514
3318
425
1778
3267
3763
1795
456
3167
1655
3776
1044
1025
2976
3405
889
3864
136
1689
2618
3266
1024
3351
1690
1674
2918
648
258
3850
1820
1137
2636
444
2107
877
2563
1920
1859
1358
730
2010
2240
3272
2782
928
3021
3020
1748
2069
912
2671
49
2977
3343
628
1170
447
3604
2617
3107
1858
3404
2390
2840
1629
2039
1647
3098
2842
1403
211
990
3518
3613
2694
668
3816
2555
2512
3367
3595
1512
2099
3729
3324
812
2775
3024
3923
2422
1359
1449
343
2671
3650
3950
1941
1237
3259
3199
991
70
1381
3635
3037
749
129
2686
1049
2100
434
2350
1106
3855
611
3961
1825
3924
3400
682
958
1954
6
2494
2371
3565
3060
2406
956
3260
2099
1187
1272
2296
703
237
1623
2835
1976
500
3573
833
1092
2327
1122
711
3148
2765
1440
3812
2525
2296
3289
3583
432
3325
2928
3067
102
2137
889
2873
3485
3460
2280
1507
3261
3211
1324
3882
3675
1107
803
3216
2097
3210
1024
852
2373
2827
2886
3617
2848
3414
3042
2402
2029
1656
2307
11
297
373
2155
1902
1612
3184
3588
515
254
1121
3579
1171
3863
239
347
3868
1626
1631
2291
2959
2175
3993
2312
74
2170
114
1987
346
2552
2927
2563
2280
1290
1234
2929
1241
1680
1096
1062
467
3731
3420
683
576
1129
2649
3978
2691
2569
2241
1786
1853
2652
1555
826
3622
1848
3962
3689
3109
3022
2952
1682
1646
1972
2855
2736
3370
1509
3641
1755
202
213
2377
2647
1233
878
881
3584
1995
3747
3521
2040
1535
12
3939
3198
917
2481
1357
2559
2717
1281
2561
2605
1696
766
1993
2259
2264
161
1707
1140
2120
3464
1412
526
3109
3002
3767
3907
1564
1120
3997
499
1550
2018
3341
1105
2153
3329
1828
365
857
3877
3580
2176
696
3649
3829
70
3274
1267
2584
2772
3830
1587
3826
3537
873
3680
2839
3904
3743
2497
3477
254
149
2444
2974
236
3240
1058
2659
1609
1901
2617
3062
3259
3933
1879
2099
2387
3529
2436
1813
3082
533
3917
3937
1057
3553
2994
3991
2717
263
485
3500
3642
2545
2048
1131
568
1179
2676
1592
1559
1610
2747
2744
3934
2537
2662
1474
3807
3539
1349
2773
3335
1339
1938
751
1729
2570
1029
3896
3877
401
2129
2994
3670
2320
2476
2857
1717
1979
688
863
1020
2833
1234
2006
399
245
3597
2910
1755
2399
3208
217
2579
3234
1188
1201
708
3673
2770
2021
457
147
3590
2656
1899
